"mnemonic"|"args"|"shortdescription"|"description"|"type"|"group"|"subdivision"|"family"|"subfamily"|"coding"|"operation"|"flags"|"notes"|"assemblertranslationsandvalidations"|"cpuvalidations"
"j"|"LABEL"|"Jump"|"Jump to $PC \enspace + \enspace 1 \enspace + \enspace displacement$"|"0"|"A"|"0"|"Control"|"0"|"00 00 dddddddddddddddddddddddddddd"|"$pc \longleftarrow_{30} pc + 1 + sx_{30}(dis_{26})$ \\"|"None \\"|"Label is translated to displacement from PC."|"DIS range: -33554432:33554431"|"dst range: 0:31"
"trap"||"Trap"|"Generate software exception"|"0"|"B"|"0"|"Control"|"1"|"00 01 uuuuuuuuuuuuuuuuuuuuuuuuuuuu"|"$cr[31]  \longleftarrow_{1} 1$ \\"|"$cr[31]$ \\"|"Trap will be detected in next fetch step. Being the lowest priority exception cannot be used inside a handler."|"None."|"None."
"rfe"||"Return from exception"|"Return from exception to user mode"|"0"|"B"|"1"|"Control"|"1"|"00 10 uuuuuuuuuuuuuuuuuuuuuuuuuuuu"|"$esp \longleftarrow_{5} esp - 1 $ \\ $pc \longleftarrow_{30} l_{esp}[29:0]$ \\ $cfg[0] \longleftarrow_{1} 0$ \\"|"$cfg[0]$ \\"|"None."|"None."|"None."
"jr"|"rsrc"|"Jump register"|"Jump to address stored in GPR"|"1"|"A"|"0"|"Control"|"0"|"01 0000 r\_src ddddddddddddddddddddd"|"$pc \longleftarrow_{30} r_{src}[31:2]$ \\"|"None \\"|"The two LSB's of $r_{src}$ are discarded. These bits should be zero, but no checking is done."|"None."|"src range: 0:31"
"jal"|"rsrc,DIS"|"Jump and link"|"Jump to $PC \enspace + \enspace 1 \enspace + \enspace displacement$ and link in GPR"|"1"|"B"|"0"|"Control"|"0"|"01 0001 uuuuu r\_dst dddddddddddddddd "|"$pc \longleftarrow_{30} pc + 1 + sx_{30}(dis21)$ \\ $r_{src}  \longleftarrow_{32} (pc + 1)\#0b00$ \\"|"None \\"|"None."|"None."|"src range: 0:31"
"bc"|"rsrc,DIS"|"Branch if carry GPR"|"Branch if carry in tested GPR"|"1"|"C"|"0"|"Control"|"2"|"01 0010 r\_src 0000 ddddddddddddddddd"|"if $(r_{src}.c == '1')$ then \\ $\enspace pc \longleftarrow_{30} pc + 1 + sx_{30}(dis_{16})$ \\ endif \\"|"None \\"|"None."|"DIS range: -65536:65535"|"src range: 0:31"
"bv"|"rsrc,DIS"|"Branch if overflow GPR"|"Branch if overflow in tested GPR"|"1"|"C"|"0"|"Control"|"2"|"01 0010 r\_src 0001 ddddddddddddddddd"|"if $(r_{src}.v == '1')$ then \\ $\enspace pc \longleftarrow_{30} pc + 1 + sx_{30}(dis_{16})$ \\ endif \\"|"None \\"|"None."|"DIS range: -65536:65535"|"src range: 0:31"
"bz"|"rsrc,DIS"|"Branch if zero GPR"|"Branch if zero in tested GPR"|"1"|"C"|"0"|"Control"|"2"|"01 0010 r\_src 0010 ddddddddddddddddd"|"if $(r_{src}.z == '1')$ then \\ $\enspace pc \longleftarrow_{30} pc + 1 + sx_{30}(dis_{16})$ \\ endif \\"|"None \\"|"None."|"DIS range: -65536:65535"|"src range: 0:31"
"bn"|"rsrc,DIS"|"Branch if negative GPR"|"Branch if negative in tested GPR"|"1"|"C"|"0"|"Control"|"2"|"01 0010 r\_src 0011 ddddddddddddddddd"|"if $(r_{src}.n == '1')$ then \\ $\enspace pc \longleftarrow_{30} pc + 1 + sx_{30}(dis_{16})$ \\ endif \\"|"None \\"|"None."|"DIS range: -65536:65535"|"src range: 0:31"
"bnc"|"rsrc,DIS"|"Branch if not carry GPR"|"Branch if not carry in tested GPR"|"1"|"C"|"0"|"Control"|"2"|"01 0010 r\_src 0100 ddddddddddddddddd"|"if $(r_{src}.c == '0')$ then \\ $\enspace pc \longleftarrow_{30} pc + 1 + sx_{30}(dis_{16})$ \\ endif \\"|"None \\"|"None."|"DIS range: -65536:65535"|"src range: 0:31"
"bnv"|"rsrc,DIS"|"Branch if not overflow GPR"|"Branch if not overflow in tested GPR"|"1"|"C"|"0"|"Control"|"2"|"01 0010 r\_src 0101 ddddddddddddddddd"|"if $(r_{src}.v == '0')$ then \\ $\enspace pc \longleftarrow_{30} pc + 1 + sx_{30}(dis_{16})$ \\ endif \\"|"None \\"|"None."|"DIS range: -65536:65535"|"src range: 0:31"
"bnz"|"rsrc,DIS"|"Branch if not zero GPR"|"Branch if not zero in tested GPR"|"1"|"C"|"0"|"Control"|"2"|"01 0010 r\_src 0110 ddddddddddddddddd"|"if $(r_{src}.z == '0')$ then \\ $\enspace pc \longleftarrow_{30} pc + 1 + sx_{30}(dis_{16})$ \\ endif \\"|"None \\"|"None."|"DIS range: -65536:65535"|"src range: 0:31"
"bnn"|"rsrc,DIS"|"Branch if not negative GPR"|"Branch if not negative in tested GPR"|"1"|"C"|"0"|"Control"|"2"|"01 0010 r\_src 0111 ddddddddddddddddd"|"if $(r_{src}.n == '0')$ then \\ $\enspace pc \longleftarrow_{30} pc + 1 + sx_{30}(dis_{16})$ \\ endif \\"|"None \\"|"None."|"DIS range: -65536:65535"|"src range: 0:31"
"bfpan"|"fsrc,DIS"|"Branch if is a number FPR"|"Branch if is a number in tested FPR"|"1"|"C"|"1"|"Control"|"3"|"01 0010 r\_src 1000 ddddddddddddddddd"|"if $(f_{src}.a == '1')$ then \\ $\enspace pc \longleftarrow_{30} pc + 1 + sx_{30}(dis_{16})$ \\ endif \\"|"None \\"|"None."|"DIS range: -65536:65535"|"src range: 0:31"
"bfpinf"|"fsrc,DIS"|"Branch if is infinite FPR"|"Branch if is infinite in tested FPR"|"1"|"C"|"1"|"Control"|"3"|"01 0010 r\_src 1001 ddddddddddddddddd"|"if $(f_{src}.i == '1')$ then \\ $\enspace pc \longleftarrow_{30} pc + 1 + sx_{30}(dis_{16})$ \\ endif \\"|"None \\"|"None."|"DIS range: -65536:65535"|"src range: 0:31"
"bfpz"|"fsrc,DIS"|"Branch if zero FPR"|"Branch if zero in tested FPR"|"1"|"C"|"1"|"Control"|"3"|"01 0010 r\_src 1010 ddddddddddddddddd"|"if $(f_{src}.z == '1')$ then \\ $\enspace pc \longleftarrow_{30} pc + 1 + sx_{30}(dis_{16})$ \\ endif \\"|"None \\"|"None."|"DIS range: -65536:65535"|"src range: 0:31"
"bfpn"|"fsrc,DIS"|"Branch if negative FPR"|"Branch if negative in tested FPR"|"1"|"C"|"1"|"Control"|"3"|"01 0010 r\_src 1011 ddddddddddddddddd"|"if $(f_{src}.n == '1')$ then \\ $\enspace pc \longleftarrow_{30} pc + 1 + sx_{30}(dis_{16})$ \\ endif \\"|"None \\"|"None."|"DIS range: -65536:65535"|"src range: 0:31"
"bfpnan"|"fsrc,DIS"|"Branch if is not a number FPR"|"Branch if is not a number in tested FPR"|"1"|"C"|"1"|"Control"|"3"|"01 0010 r\_src 1100 ddddddddddddddddd"|"if $(f_{src}.a == '0')$ then \\ $\enspace pc \longleftarrow_{30} pc + 1 + sx_{30}(dis_{16})$ \\ endif \\"|"None \\"|"None."|"DIS range: -65536:65535"|"src range: 0:31"
"bfpninf"|"fsrc,DIS"|"Branch if is not infinite FPR"|"Branch if is not infinite in tested FPR"|"1"|"C"|"1"|"Control"|"3"|"01 0010 r\_src 1101 ddddddddddddddddd"|"if $(f_{src}.i == '0')$ then \\ $\enspace pc \longleftarrow_{30} pc + 1 + sx_{30}(dis_{16})$ \\ endif \\"|"None \\"|"None."|"DIS range: -65536:65535"|"src range: 0:31"
"bfpnz"|"fsrc,DIS"|"Branch if not zero FPR"|"Branch if not zero in tested FPR"|"1"|"C"|"1"|"Control"|"3"|"01 0010 r\_src 1110 ddddddddddddddddd"|"if $(f_{src}.z == '0')$ then \\ $\enspace pc \longleftarrow_{30} pc + 1 + sx_{30}(dis_{16})$ \\ endif \\"|"None \\"|"None."|"DIS range: -65536:65535"|"src range: 0:31"
"bfpnn"|"fsrc,DIS"|"Branch if negative FPR"|"Branch if not negative in tested FPR"|"1"|"C"|"1"|"Control"|"3"|"01 0010 r\_src 1111 ddddddddddddddddd"|"if $(f_{src}.n == '0')$ then \\ $\enspace pc \longleftarrow_{30} pc + 1 + sx_{30}(dis_{16})$ \\ endif \\"|"None \\"|"None."|"DIS range: -65536:65535"|"src range: 0:31"
"loadi"|"rdst,IMM"|"Load immediate"|"Load immediate into GPR"|"1"|"D"|"0"|"Memory data transfer"|"0"|"01 0100 uuuuu r\_dst iiiiiiiiiiiiiiii"|"$r_{dst} \longleftarrow_{32} sx_{32}(imm_{16}[15:0])$ \\ $r_{dst}.n \longleftarrow_{1} r_{dst}[31]$ \\"|"$r_{dst}.n$ \\"|"$r_{dst}.n$ is implicit."|"IMM range: -32768:32767"|"dst range: 0:31"
"loadui"|"rdst,IMM"|"Load unsigned immediate"|"Load unsigned immediate into GPR"|"1"|"D"|"0"|"Memory data transfer"|"0"|"01 0101 uuuuu r\_dst iiiiiiiiiiiiiiii"|"$r_{dst} \longleftarrow_{32} x_{32}(imm_{16}[15:0])$ \\ $r_{dst}.n \longleftarrow_{1} r_{dst}[31]$ \\"|"$r_{dst}.n$ \\"|"$r_{dst}.n$ is implicit."|"IMM range: 0:65536"|"dst range: 0:31"
"lhi"|"rdst,IMM"|"Load high immediate"|"Load high immediate into GPR"|"1"|"D"|"0"|"Memory data transfer"|"0"|"01 0110 uuuuu r\_dst iiiiiiiiiiiiiiii"|"$r_{dst}[31:16] \longleftarrow_{16} imm_{16}[15:0]$ \\ $r_{dst}.n \longleftarrow_{1} r_{dst}[31]$ \\"|"$r_{dst}.n$ \\"|"$r_{dst}.n$ is implicit."|"IMM range: -32768:32767"|"dst range: 0:31"
"mov.w"|"rdst,rsrc"|"Move GPR into GPR"|"Move data from GPR into GPR"|"2"|"A"|"0"|"Register data transfer"|"0"|"10 0000 r\_src r\_dst uuuuu 00 00000 uuuuu"|"$r_{dst} \longleftarrow_{32} r_{src}$ \\ $(r_{dst}.c \# r_{dst}.v \# r_{dst}.z \# r_{dst}.n) \longleftarrow_{4} (r_{src}.c \# r_{src}.v \# r_{src}.z \# r_{src}.n)$ \\"|"$r_{dst}.c$, $r_{dst}.v$, $r_{dst}.z$, $r_{dst}.n$ \\"|"$r_{dst}.n$ is implicit."|"None."|"dst range: 0:31; src range: 0:31"
"mov.l"|"rdst,rsrc"|"Move long GPR into long GPR"|"Move data from long GPR into long GPR"|"2"|"A"|"0"|"Register data transfer"|"0"|"10 0000 r\_src r\_dst uuuuu 01 00000 uuuuu"|"if $(dst \enspace \% \enspace 2 == '0' \enspace \& \enspace src \enspace \% \enspace 2 == '0')$ then \\ $\enspace (r_{dst+1} \# r_{dst})\longleftarrow_{64} (r_{src+1} \# r_{src})$ \\ $\enspace (r_{dst}.c \# r_{dst}.v \# r_{dst}.z \# r_{dst}.n) \longleftarrow_{4} (r_{src}.c \# r_{src}.v \# r_{src}.z \# r_{src}.n)$ \\ $\enspace (r_{dst+1}.c \# r_{dst+1}.v \# r_{dst+1}.z \# r_{dst+1}.n) \longleftarrow_{4} (r_{src+1}.c \# r_{src+1}.v \# r_{src+1}.z \# r_{src+1}.n)$ \\ else \\ $\enspace cr[4] \longleftarrow_{1} 1$ \\ endif \\"|"if $(dst\% 2 == '0' \enspace \& \enspace src \enspace \% \enspace 2 == '0')$ then \\ $\enspace r_{dst}.c$, $r_{dst}.v$, $r_{dst}.z$, $r_{dst}.n$, $r_{dst+1}.c$, $r_{dst+1}.v$, $r_{dst+1}.z$, $r_{dst+1}.z$ \\ else \\ $\enspace cr[4]$ \\ endif \\"|"$r_{dst}.n$ and $r_{dst+1}.n$ are implicit."|"None."|"dst range: 0:31 and even; src range: 0:31 and even"
"mov.f"|"fdst,fsrc"|"Move FPR into FPR"|"Move data from FPR into FPR"|"2"|"A"|"0"|"Register data transfer"|"0"|"10 0000 r\_src r\_dst uuuuu 10 00000 uuuuu"|"$f_{dst} \longleftarrow_{32} f_{src}$ \\ $(f_{dst}.a \# f_{dst}.i \# f_{dst}.z \# f_{dst}.n) \longleftarrow_{4} (f_{src}.a \# f_{src}.i \# f_{src}.z \# f_{src}.n)$ \\"|"$f_{dst}.a$, $f_{dst}.i$, $f_{dst}.z$, $f_{dst}.n$ \\"|"$f_{dst}.n$ is implicit."|"None."|"dst range: 0:31; src range: 0:31"
"mov.d"|"fdst,fsrc"|"Move double FPR into double FPR"|"Move data from double FPRinto double FPR"|"2"|"A"|"0"|"Register data transfer"|"0"|"10 0000 r\_src r\_dst uuuuu 11 00000 uuuuu"|"if $(dst \enspace \% \enspace 2 == '0' \enspace \& \enspace src \enspace \% \enspace 2 == '0')$ then \\  $\enspace f_{dst+1} \#  f_{dst}) \longleftarrow_{64} (f_{src+1} \# f_{src})$ \\ $\enspace (f_{dst}.a \# f_{dst}.i \# f_{dst}.z \# f_{dst}.n) \longleftarrow_{4} (f_{src}.a \# f_{src}.i \# f_{src}.z \# f_{src}.n)$ \\ $\enspace (f_{dst+1}.a \# f_{dst+1}.i \# f_{dst+1}.z \# f_{dst+1}.n) \longleftarrow_{4} (f_{src+1}.a \# f_{src+1}.i \# f_{src+1}.z \# f_{src+1}.n)$ \\ else \\ $\enspace [5] \longleftarrow_{1} 1$ \\ endif \\"|"if $(dst\% 2 == '0' \enspace \& \enspace  src \enspace \% \enspace 2 == '0')$ then \\ $\enspace f_{dst}.a$, $f_{dst}.i$, $f_{dst}.z$, $f_{dst}.n$, $(f_{dst+1}.a$, $f_{dst+1}.i$, $f_{dst+1}.z$, $f_{dst+1}.n)$ \\ else \\ $\enspace cr[5]$ \\ endif \\"|"$f_{dst}.n$ and $f_{dst+1}.n$ are implicit."|"None."|"dst range: 0:31 and even; src range: 0:31 and even"
"movf2w"|"rdst,fsrc"|"Move FPR into GPR"|"Move data from FPR into GPR"|"2"|"A"|"1"|"Register data transfer"|"0"|"10 0000 r\_src r\_dst uuuuu 00 00001 uuuuu"|"$r_{dst} \longleftarrow_{32} f_{src}$ \\ $(r_{dst}.c \# r_{dst}.v \# r_{dst}.z \# r_{dst}.n) \longleftarrow_{4} (f_{src}.a \# f_{src}.i \# f_{src}.z \# f_{src}.n)$ \\"|"$r_{dst}.c, r_{dst}.v , r_{dst}.z, r_{dst}.n$ \\"|"$r_{dst}.n$ is implicit."|"None."|"dst range: 0:31; src range: 0:31"
"movw2f"|"fdst,rsrc"|"Move GPR into FPR"|"Move data from GPR into FPR"|"2"|"A"|"1"|"Register data transfer"|"0"|"10 0000 r\_src r\_dst uuuuu 01 00001 uuuuu"|"$f_{dst} \longleftarrow_{32} r_{src}$ \\ $(f_{dst}.a \# f_{dst}.i \# f_{dst}.z \# f_{dst}.n) \longleftarrow_{4} (r_{src}.c \# r_{src}.v \# r_{src}.z \# r_{src}.n)$ \\"|"$f_{dst}.a$, $f_{dst}.i$, $f_{dst}.z$, $f_{dst}.n$ \\"|"$f_{dst}.n$ is implicit."|"None."|"dst range: 0:31; src range: 0:31"
"movd2l"|"rdst,fsrc"|"Move double FPR into long GPR"|"Move data from double FPR into long GPR"|"2"|"A"|"1"|"Register data transfer"|"0"|"10 0000 r\_src r\_dst uuuuu 10 00001 uuuuu"|"if $(dst \enspace \% \enspace 2 == '0' \enspace \& \enspace src \enspace \% \enspace 2 == '0')$ then \\ $\enspace (r_{dst+1} \# r_{dst}) \longleftarrow_{64} (f_{src+1} \# f_{src})$ \\ $\enspace (r_{dst}.c \# r_{dst}.v \# r_{dst}.z \# r_{dst}.n) \longleftarrow_{4} (f_{src}.a \# f_{src}.i \# f_{src}.z \# f_{src}.n)$ \\ $\enspace (r_{dst+1}.c \# r_{dst+1}.v \# r_{dst+1}.z \# r_{dst+1}.n) \longleftarrow_{4} (f_{src+1}.a \# f_{src+1}.i \# f_{src+1}.z \# f_{src+1}.n)$ \\ else if $(dst \%2 == '1')$ then \\ $\enspace cr[4] \longleftarrow_{1} 1$ \\ else \\ $\enspace cr[5] \longleftarrow_{1} 1$ \\ endif \\"|"if $(dst\% 2 == '0' \enspace \& \enspace src \enspace \% \enspace 2 == '0')$ then \\ $\enspace r_{dst}.c$, $r_{dst}.v$, $r_{dst}.z$, $r_{dst}.n$, $r_{dst+1}.c$, $r_{dst+1}.v$, $r_{dst+1}.z$, $r_{dst+1}.n$ \\ else if $(dst\%2 == '1')$ then \\ $\enspace cr[4]$ \\ else \\ $\enspace cr[5]$ \\ endif \\"|"$r_{dst}.n$ and $r_{dst+1}.n$ are implicit."|"None."|"dst range: 0:31 and even; src range: 0:31 and even"
"movl2d"|"fdst,rsrc"|"Move long GPR into double FPR"|"Move data from long GPR into double FPR"|"2"|"A"|"1"|"Register data transfer"|"0"|"10 0000 r\_src r\_dst uuuuu 11 00001 uuuuu"|"if $(dst \enspace \% \enspace 2 == '0' \enspace \& \enspace src \enspace \% \enspace 2 == '0')$ then \\ $\enspace (f_{dst+1} \# f_{dst}) \longleftarrow_{64} (r_{src+1} \# r_{src})$ \\ $\enspace (f_{dst}.c \# f_{dst}.v \# f_{dst}.z \# f_{dst}.n) \longleftarrow_{4} (r_{src}.a \# r_{src}.i \# r_{src}.z \# r_{src}.n)$ \\ $\enspace (f_{dst+1}.c \# f_{dst+1}.v \# f_{dst+1}.z \# f_{dst+1}.n) \longleftarrow_{4} (r_{src+1}.a \# r_{src+1}.i \# r_{src+1}.z \# r_{src+1}.n)$ \\ else if $(dst \%2 == '1')$ then \\ $\enspace cr[5] \longleftarrow_{1} 1$ \\ else \\ $\enspace cr[4] \longleftarrow_{1} 1$ \\ endif \\"|"if $(dst\% 2 == '0' \enspace \& \enspace src \enspace \% \enspace 2 == '0')$ then \\ $\enspace f_{dst}.a$, $f_{dst}.i$, $f_{dst}.z$, $f_{dst}.n$, $(f_{dst+1}.a$, $f_{dst+1}.i$, $f_{dst+1}.z$, $f_{dst+1}.n)$ \\ else if $(dst\%2 == '1')$ then \\ $\enspace cr[5]$ \\ else \\ $\enspace cr[4]$ \\ endif \\"|"$f_{dst}.n$ and $f_{dst+1}.n$ are implicit."|"None."|"dst range: 0:31 and even; src range: 0:31 and even"
"movw2s"|"sdst,rsrc"|"Move GPR into SPR"|"Move data from GPR into SPR"|"2"|"A"|"2"|"Register data transfer"|"0"|"10 0000 r\_src r\_dst uuuuu 00 00010 uuuuu"|"$s_{dst} \longleftarrow_{32} r_{src}$ \\"|"None \\"|"As not all SPR's are exactly 32 bits wide, exceeding bits from \texttt{rsrc} are discarded."|"None."|"dst range: 0:8; src range: 0:31"
"movs2w"|"rdst,ssrc"|"Move SPR into GPR"|"Move data from SPR into GPR"|"2"|"A"|"2"|"Register data transfer"|"0"|"10 0000 r\_src r\_dst uuuuu 01 00010 uuuuu"|"$r_{dst} \longleftarrow_{32} s_{src}$ \\ $r_{dst}.c \longleftarrow_{1} 0$ \\ $r_{dst}.v \longleftarrow_{1} 0$ \\ $r_{dst}.z \longleftarrow_{1} r_{dst}[31] \enspace | \enspace r_{dst}[30] \enspace | \enspace \hdots \enspace | \enspace r_{dst}[0]$ \\ $r_{dst}.n \longleftarrow_{1} r_{dst}[31]$ \\"|"$r_{dst}.c$, $r_{dst}.v$, $r_{dst}.z$, $r_{dst}.n$ \\"|"As not all SPR's are exactly 32 bits wide, exceeding bits from \texttt{rdst} are zeroed."|"None."|"dst range: 0:31; src range: 0:8"
"cnvf2d"|"fdst,fsrc"|"Convert FPR to double FPR"|"Convert data from FPR to data in double FPR"|"2"|"A"|"3"|"Data type conversion"|"0"|"10 0000 r\_src r\_dst uuuuu 00 00011 uuuuu"|"if $(dst\% 2 == '0')$ then \\ $\enspace (f_{dst+1} \# f_{dst})\longleftarrow_{64} double(f_{src})$ \\ $\enspace f_{dst+1}.a \longleftarrow_{1} cnv_{1}.a$ \\ $\enspace f_{dst+1}.i \longleftarrow_{1} cnv_{1}.i$ \\ $\enspace f_{dst+1}.z \longleftarrow_{1} cnv_{1}.z$ \\ $\enspace f_{dst+1}.n \longleftarrow_{1} cnv_{1}.n$ \\ $\enspace f_{dst}.a \longleftarrow_{1} cnv_{0}.a$ \\ $\enspace f_{dst}.i \longleftarrow_{1} cnv_{0}.i$ \\ $\enspace f_{dst}.z \longleftarrow_{1} cnv_{0}.z$ \\ $\enspace f_{dst}.n \longleftarrow_{1} cnv_{0}.n$ \\ else \\ $\enspace cr[5] \longleftarrow_{1} 1$ \\ endif \\"|"if $(dst\% 2 == '0')$ then \\ $\enspace f_{dst}.a$, $f_{dst}.i$, $f_{dst}.z$, $f_{dst}.n$, $f_{dst+1}.a$, $f_{dst+1}.i$, $f_{dst+1}.z$, $f_{dst+1}.n$ \\ else \\ $\enspace cr[5]$ \\ endif \\"|"$f_{dst}.n$ and $f_{dst+1}.n$ are implicit."|"None."|"dst range: 0:31 and even; src range: 0:31"
"cnvd2f"|"fdst,fsrc"|"Convert double FPR to FPR"|"Convert data from double FPR to data in FPR"|"2"|"A"|"3"|"Data type conversion"|"0"|"10 0000 r\_src r\_dst uuuuu 01 00011 uuuuu"|"if $(src \enspace \% \enspace 2 == '0')$ then \\ $\enspace f{x} \longleftarrow_{32} float(f_{src+1} \# f_{src})$ \\ $\enspace f_{dst}.a \longleftarrow_{1} cnv_{0}.a$ \\ $\enspace f_{dst}.i \longleftarrow_{1} cnv_{0}.i$ \\ $\enspace f_{dst}.z \longleftarrow_{1} cnv_{0}.z$ \\ $\enspace f_{dst}.n \longleftarrow_{1} cnv_{0}.n$ \\ else \\ $\enspace cr[5] \longleftarrow_{1} 1$ \\ endif \\"|"if $(dst \enspace \% \enspace 2 == '0')$ then \\ $\enspace f_{dst}.a$, $f_{dst}.i$, $f_{dst}.z$, $f_{dst}.n$ \\ else \\ $\enspace cr[5]$ \\ endif \\"|"$f_{dst}.n$ is implicit."|"None."|"dst range: 0:31; src range: 0:31 and even"
"cnvf2w"|"rdst,fsrc"|"Convert FPR to GPR"|"Convert data from FPR to data in GPR"|"2"|"A"|"4"|"Data type conversion"|"0"|"10 0000 r\_src r\_dst uuuuu 10 00011 uuuuu"|"$r_{dst} \longleftarrow_{32} integer(f_{src})$\\ $r_{dst}.c \longleftarrow_{1} cnv_{0}.c$ \\ $r_{dst}.v \longleftarrow_{1} cnv_{0}.v$ \\ $r_{dst}.z \longleftarrow_{1} cnv_{0}.z$ \\ $r_{dst}.n \longleftarrow_{1} cnv_{0}.n$ \\"|"$r_{dst}.c$, $r_{dst}.v$, $r_{dst}.z$, $r_{dst}.n$ \\"|"$r_{dst}.n$ is implicit."|"None."|"dst range: 0:31; src range: 0:31"
"cnvw2f"|"fdst,rsrc"|"Convert GPR to FPR"|"Convert data from GPR to data in FPR"|"2"|"A"|"4"|"Data type conversion"|"0"|"10 0000 r\_src r\_dst uuuuu 11 00011 uuuuu"|"$f_{dst} \longleftarrow_{32} float(r_{src})$\\ $f_{dst}.a \longleftarrow_{1} cnv_{0}.a$ \\ $f_{dst}.i \longleftarrow_{1} cnv_{0}.i$ \\ $f_{dst}.z \longleftarrow_{1} cnv_{0}.z$ \\ $f_{dst}.n \longleftarrow_{1} cnv_{0}.n$ \\"|"$f_{dst}.a$, $f_{dst}.i$, $f_{dst}.z$, $f_{dst}.n$ \\"|"$f_{dst}.n$ is implicit."|"None."|"dst range: 0:31; src range: 0:31"
"cnvd2w"|"rdst,fsrc"|"Convert double FPR to GPR"|"Convert data from double data in FPR to GPR"|"2"|"A"|"4"|"Data type conversion"|"0"|"10 0000 r\_src r\_dst uuuuu 00 00100 uuuuu"|"if $(src \enspace \% \enspace 2 == '0')$ then \\ $\enspace r_{dst} \longleftarrow_{32} integer(f_{src+1} \# f_{src})$ \\ $\enspace r_{dst}.c \longleftarrow_{1} cnv_{0}.c$ \\ $\enspace r_{dst}.v \longleftarrow_{1} cnv_{0}.v$ \\ $\enspace r_{dst}.z \longleftarrow_{1} cnv_{0}.z$ \\ $\enspace r_{dst}.n \longleftarrow_{1} cnv_{0}.n$ \\ else \\ $\enspace cr[5] \longleftarrow_{1} 1$ \\ endif \\"|"if $(src \enspace \% \enspace 2 == '0')$ then \\ $\enspace r_{dst}.c$, $r_{dst}.v$, $r_{dst}.z$, $r_{dst}.n$ \\ else \\ $\enspace cr[5]$ \\ endif \\"|"$r_{dst}.n$ is implicit."|"None."|"dst range: 0:31; src range: 0:31 and even"
"cnvw2d"|"fdst,rsrc"|"Convert GPR to double FPR"|"Convert data from GPR to data in double FPR"|"2"|"A"|"4"|"Data type conversion"|"0"|"10 0000 r\_src r\_dst uuuuu 01 00100 uuuuu"|"if $(dst \enspace \% \enspace 2 == '0')$ then \\ $\enspace (f_{dst+1} \# f_{dst}) \longleftarrow_{64} double(r_{src})$ \\ $\enspace f_{dst+1}.a \longleftarrow_{1} cnv_{1}.a$ \\ $\enspace f_{dst+1}.i \longleftarrow_{1} cnv_{1}.i$ \\ $\enspace f_{dst+1}.z \longleftarrow_{1} cnv_{1}.z$ \\ $\enspace f_{dst+1}.n \longleftarrow_{1} cnv_{1}.n$ \\ $\enspace f_{dst}.a \longleftarrow_{1} cnv_{0}.a$ \\ $\enspace f_{dst}.i \longleftarrow_{1} cnv_{0}.i$ \\ $\enspace f_{dst}.z \longleftarrow_{1} cnv_{0}.z$ \\ $\enspace f_{dst}.n \longleftarrow_{1} cnv_{0}.n$ \\ else \\ $\enspace cr[4] \longleftarrow_{1} 1$ \\ endif \\"|"if $(dst \enspace \% \enspace 2 == '0')$ then \\ $\enspace f_{dst}.a$, $f_{dst}.i$, $f_{dst}.z$, $f_{dst}.n$, $f_{dst+1}.a$, $f_{dst+1}.i$, $f_{dst+1}.z$, $f_{dst+1}.n$ \\ else \\ $\enspace cr[4]$ \\ endif \\"|"$f_{dst}.n$ and $f_{dst+1}.n$ are implicit."|"None."|"dst range: 0:31 and even; src range: 0:31"
"cnvf2l"|"rdst,fsrc"|"Convert FPR to long GPR"|"Convert data from FPR to long data in GPR"|"2"|"A"|"4"|"Data type conversion"|"0"|"10 0000 r\_src r\_dst uuuuu 10 00100 uuuuu"|"if $(dst \enspace \% \enspace 2 == '0')$ then \\ $\enspace (r_{dst+1} \# r_{dst}) \longleftarrow_{64} long(r_{src})$ \\ $\enspace r_{dst+1}.c \longleftarrow_{1} cnv_{1}.c$ \\ $\enspace r_{dst+1}.v \longleftarrow_{1} cnv_{1}.v$ \\ $\enspace r_{dst+1}.z \longleftarrow_{1} cnv_{1}.z$ \\ $\enspace r_{dst+1}.n \longleftarrow_{1} cnv_{1}.n$ \\ $\enspace r_{dst}.c \longleftarrow_{1} cnv_{0}.c$ \\ $\enspace r_{dst}.v \longleftarrow_{1} cnv_{0}.v$ \\ $\enspace r_{dst}.z \longleftarrow_{1} cnv_{0}.z$ \\ $\enspace r_{dst}.n \longleftarrow_{1} cnv_{0}.n$ \\ else \\ $\enspace cr[4] \longleftarrow_{1} 1$ \\ endif \\"|"if $(dst \enspace \% \enspace 2 == '0')$ then \\ $\enspace r_{dst}.c$, $r_{dst}.v$, $r_{dst}.z$, $r_{dst}.n$, $r_{dst+1}.c$, $r_{dst+1}.v$, $r_{dst+1}.z$, $r_{dst+1}.n$\\ else \\ $\enspace cr[4]$ \\ endif \\"|"$r_{dst}.n$ and $r_{dst+1}.n$ are implicit."|"None."|"dst range: 0:31 and evel; src range: 0:31"
"cnvl2f"|"fdst,rsrc"|"Convert long FPR to FPR"|"Convert data from long FPR to data in FPR"|"2"|"A"|"4"|"Data type conversion"|"0"|"10 0000 r\_src r\_dst uuuuu 11 00100 uuuuu"|"if $(src \enspace \% \enspace 2 == '0')$ then \\ $\enspace f_{dst} \longleftarrow_{32} float(r_{src+1} \# r_{src})$ \\ $\enspace f_{dst}.a \longleftarrow_{1} cnv_{0}.a$ \\ $\enspace f_{dst}.i \longleftarrow_{1} cnv_{0}.i$ \\ $\enspace f_{dst}.z \longleftarrow_{1} cnv_{0}.z$ \\ $\enspace f_{dst}.n \longleftarrow_{1} cnv_{0}.n$ \\ else \\ $\enspace cr[4] \longleftarrow_{1} 1$ \\ endif \\"|"if $(src \enspace \% \enspace 2 == '0')$ then \\ $\enspace f_{dst}.a$, $f_{dst}.i$, $f_{dst}.z$, $f_{dst}.n$ \\ else \\ $\enspace cr[4]$ \\ endif \\"|"$f_{dst}.n$ is implicit."|"None."|"dst range: 0:31; src range: 0:31 and even"
"cnvd2l"|"rdst,fsrc"|"Convert double FPR to long GPR"|"Convert data from double FPR to data in long GPR"|"2"|"A"|"4"|"Data type conversion"|"0"|"10 0000 r\_src r\_dst uuuuu 00 00101 uuuuu"|"if $(dst \enspace \% \enspace 2 == '0' \enspace \& \enspace src \enspace \% \enspace 2 == '0')$ then \\ $\enspace (r_{dst+1} \# r_{dst}) \longleftarrow_{64} long(f_{src+1} \# f_{src})$ \\ $\enspace r_{dst+1}.c \longleftarrow_{1} cnv_{1}.c$ \\ $\enspace r_{dst+1}.v \longleftarrow_{1} cnv_{1}.v$ \\ $\enspace r_{dst+1}.z \longleftarrow_{1} cnv_{1}.z$ \\ $\enspace r_{dst+1}.n \longleftarrow_{1} cnv_{1}.n$ \\ $\enspace r_{dst}.c \longleftarrow_{1} cnv_{0}.c$ \\ $\enspace r_{dst}.v \longleftarrow_{1} cnv_{0}.v$ \\ $\enspace r_{dst}.z \longleftarrow_{1} cnv_{0}.z$ \\ $\enspace r_{dst}.n \longleftarrow_{1} cnv_{0}.n$ \\ else if $(dst \%2 == '1')$ then \\ $\enspace cr[4] \longleftarrow_{1} 1$ \\ else \\ $\enspace cr[5] \longleftarrow_{1} 1$ \\ endif \\"|"if $(dst \enspace \% \enspace 2 == '0' \enspace \& \enspace src \enspace \% \enspace 2 == '0')$ then \\ $\enspace r_{dst}.c$, $r_{dst}.v$, $r_{dst}.z$, $r_{dst}.n$, $r_{dst+1}.c$, $r_{dst+1}.v$, $r_{dst+1}.z$, $r_{dst+1}.n)$ a definir\\ else if $(dst \%2 == '1')$ then \\ $\enspace cr[4]$ \\ else \\ $\enspace cr[5]$ \\ endif \\"|"$r_{dst}.n$ and $r_{dst+1}.n$ are implicit."|"None."|"dst range: 0:31 and even; src range: 0:31 and even"
"cnvl2d"|"fdst,rsrc"|"Convert long GPR to double FPR"|"Convert data from long GPR to data in double FPR"|"2"|"A"|"4"|"Data type conversion"|"0"|"10 0000 r\_src r\_dst uuuuu 01 00101 uuuuu"|"if $(dst \enspace \% \enspace 2 == '0'  \enspace \& \enspace src \enspace \% \enspace 2 == '0')$ then \\ $\enspace (f_{dst+1} \# f_{dst}) \longleftarrow_{64} double(r_{src+1} \# r_{src})$ \\ $\enspace f_{dst+1}.a \longleftarrow_{1} cnv_{1}.a$ \\ $\enspace f_{dst+1}.i \longleftarrow_{1} cnv_{1}.i$ \\ $\enspace f_{dst+1}.z \longleftarrow_{1} cnv_{1}.z$ \\ $\enspace f_{dst+1}.n \longleftarrow_{1} cnv_{1}.n$ \\ $\enspace f_{dst}.a \longleftarrow_{1} cnv_{0}.a$ \\ $\enspace f_{dst}.i \longleftarrow_{1} cnv_{0}.i$ \\ $\enspace f_{dst}.z \longleftarrow_{1} cnv_{0}.z$ \\ $\enspace f_{dst}.n \longleftarrow_{1} cnv_{0}.n$ \\ else if $(dst \%2 == '1')$ then \\ $\enspace cr[5] \longleftarrow_{1} 1$ \\ else \\ $\enspace cr[4] \longleftarrow_{1} 1$ \\ endif \\"|"if $(dst \enspace \% \enspace 2 == '0' \enspace \& \enspace src \enspace \% \enspace 2 == '0')$ then \\ $\enspace f_{dst}.a$, $f_{dst}.i$, $f_{dst}.z$, $f_{dst}.n$, $f_{dst+1}.a$, $f_{dst+1}.i$, $f_{dst+1}.z$, $f_{dst+1}.n)$ \\ else if $(dst \%2 == '1')$ then \\ $\enspace cr[5]$ \\ else \\ $\enspace cr[4]$ \\ endif \\"|"$f_{dst}.n$ and $f_{dst+1}.n$ are implicit."|"None."|"dst range: 0:31 and even; src range: 0:31 and even"
"inv.w"|"rdst,rsrc"|"Invert GPR"|"Invert data in GPR"|"2"|"A"|"5"|"Logic"|"0"|"10 0000 r\_src r\_dst uuuuu 00 00110 uuuuu"|"$r_{dst} \longleftarrow_{32} ~ r_{src}$ \\ $r_{dst}.c \longleftarrow_{1} alu_{0}.c$ \\ $r_{dst}.v \longleftarrow_{1} alu_{0}.v$ \\ $r_{dst}.z \longleftarrow_{1} alu_{0}.z$ \\ $r_{dst}.n \longleftarrow_{1} alu_{0}.n$ \\"|"$r_{dst}.c$, $r_{dst}.v$, $r_{dst}.z$, $r_{dst}.n$ \\"|"$r_{dst}.n$ is implicit."|"None."|"dst range: 0:31; src range: 0:31"
"inv.l"|"rdst,rsrc"|"Invert long GPR"|"Invert data in long GPR"|"2"|"A"|"5"|"Logic"|"0"|"10 0000 r\_src r\_dst uuuuu 01 00110 uuuuu"|"if $(dst \enspace \% \enspace 2 == 0 \enspace \& \enspace src \enspace \% \enspace 2 == 0)$ then \\ $\enspace r_{src+1}\#r_{dst} \longleftarrow_{64} ~ r_{src+1}\#r_{src}$ \\ $\enspace r_{dst+1}.c \longleftarrow_{1} alu_{1}.c$ \\ $\enspace r_{dst+1}.v \longleftarrow_{1} alu_{1}.v$ \\ $\enspace r_{dst+1}.z \longleftarrow_{1} alu_{1}.z$ \\ $\enspace r_{dst+1}.n \longleftarrow_{1} alu_{1}.n$ \\ $\enspace r_{dst}.c \longleftarrow_{1} alu_{0}.c$ \\ $\enspace r_{dst}.v \longleftarrow_{1} alu_{0}.v$ \\ $\enspace r_{dst}.z \longleftarrow_{1} alu_{0}.z$ \\ $\enspace r_{dst}.n \longleftarrow_{1} alu_{0}.n$ \\ else \\ $\enspace cr[4] \longleftarrow_{1} 1$ \\ endif \\"|"if $(dst \enspace \% \enspace 2 == 0 \enspace \& \enspace src \enspace \% \enspace 2 == 0)$ then \\ $\enspace r_{dst}.c$, $r_{dst}.v$, $r_{dst}.z$, $r_{dst}.n$, $r_{dst+1}.c$, $r_{dst+1}.v$, $r_{dst+1}.z$, $r_{dst+1}.n$ \\ else \\ $\enspace cr[4]$ \\ endif \\"|"$r_{dst}.n$ and $r_{dst+1}.n$ are implicit."|"None."|"dst range: 0:31 and even; src range: 0:31 and even"
"jral"|"rdst,rsrc"|"Jump register and link"|"Jump to address stored in GPR and store $PC + 1$ in GPR"|"2"|"A"|"6"|"Control"|"0"|"10 0000 r\_src r\_dst uuuuu 00 00111 uuuuu"|"$pc \longleftarrow_{30} r_{src}[31:2]$ \\ $r_{dst}  \longleftarrow_{32} (pc + 1)\#0b00$ \\"|"None \\"|"The two LSB's of $r_{src}$ are discarded. These bits should be zero, but no checking is done."|"None."|"dst range: 0:31; src range: 0:31"
"cos.w"|"rdst,rsrc"|"Cosine of GPR"|"Calculate cosine of GPR with cordic coprocessor"|"2"|"A"|"7"|"Cordic"|"0"|"10 0000 r\_src r\_dst uuuuu 00 10000 uuuuu"|"$r_{dst} \longleftarrow_{32} cos(r_{src}) $ \\ $r_{dst}.c \longleftarrow cordic_{0}.c $ \\ $r_{dst}.v \longleftarrow cordic_{0}.v $ \\ $r_{dst}.z \longleftarrow cordic_{0}.z $ \\ $r_{dst}.n \longleftarrow cordic_{0}.n $ \\"|"$r_{dst}.c$, $r_{dst}.v$, $r_{dst}.z$, $r_{dst}.n$ \\"|"$r_{dst}.n$ is implicit."|"None."|"dst range: 0:31; src range: 0:31"
"cos.l"|"rdst,rsrc"|"Cosine of long GPR"|"Calculate cosine of long GPR with cordic coprocessor"|"2"|"A"|"7"|"Cordic"|"0"|"10 0000 r\_src r\_dst uuuuu 01 10000 uuuuu"|"if $(dst \enspace \% \enspace 2 == 0 \enspace \& \enspace src \enspace \% \enspace 2 == 0)$ then \\ $\enspace r_{src+1}\#r_{dst} \longleftarrow_{64} cos(r_{src+1}\#r_{src})$ \\ $\enspace r_{dst+1}.c \longleftarrow_{1} cordic_{1}.c$ \\ $\enspace r_{dst+1}.v \longleftarrow_{1} cordic_{1}.v$ \\ $\enspace r_{dst+1}.z \longleftarrow_{1} cordic_{1}.z$ \\ $\enspace r_{dst+1}.n \longleftarrow_{1} cordic_{1}.n$ \\ $\enspace r_{dst}.c \longleftarrow_{1} cordic_{0}.c$ \\ $\enspace r_{dst}.v \longleftarrow_{1} cordic_{0}.v$ \\$\enspace r_{dst}.z \longleftarrow_{1} cordic_{0}.z$ \\ $\enspace r_{dst}.n \longleftarrow_{1} cordic_{0}.n$ \\ else \\ $\enspace cr[4] \longleftarrow_{1} 1$ \\ endif \\"|"if $(dst \enspace \% \enspace 2 == 0 \enspace \& \enspace src \enspace \% \enspace 2 == 0)$ then \\ $\enspace r_{dst}.c$, $r_{dst}.v$, $r_{dst}.z$, $r_{dst}.n$, $r_{dst+1}.c$, $r_{dst+1}.v$, $r_{dst+1}.z$, $r_{dst+1}.n$ \\ else \\ $\enspace cr[4]$ \\ endif \\"|"$r_{dst}.n$ and $r_{dst+1}.n$ are implicit."|"None."|"dst range: 0:31 and even; src range: 0:31 and even"
"cos.f"|"fdst,fsrc"|"Cosine of FPR"|"Calculate cosine of FPR with cordic coprocessor"|"2"|"A"|"7"|"Cordic"|"0"|"10 0000 r\_src r\_dst uuuuu 10 10000 uuuuu"|"$f_{dst} \longleftarrow_{32} cos(f_{src}) $ \\ $f_{dst}.a \longleftarrow cordic_{0}.a $ \\ $f_{dst}.i \longleftarrow cordic_{0}.i $ \\ $f_{dst}.z \longleftarrow cordic_{0}.z $ \\ $f_{dst}.n \longleftarrow cordic_{0}.n $ \\"|"$f_{dst}.a$, $f_{dst}.i$, $f_{dst}.z$, $f_{dst}.n$ \\"|"$f_{dst}.n$ is implicit."|"None."|"dst range: 0:31; src range: 0:31"
"cos.d"|"fdst,fsrc"|"Cosine of double FPR"|"Calculate cosine of double FPR with cordic coprocessor"|"2"|"A"|"7"|"Cordic"|"0"|"10 0000 r\_src r\_dst uuuuu 11 10000 uuuuu"|"if $(dst \enspace \% \enspace 2 == 0 \enspace \& \enspace src \enspace \% \enspace 2 == 0)$ then \\ $\enspace f_{src+1}\#r_{dst} \longleftarrow_{64} cos(f_{src+1}\#f_{src})$ \\ $\enspace f_{dst+1}.a \longleftarrow_{1} cordic_{1}.a$ \\ $\enspace f_{dst+1}.i \longleftarrow_{1} cordic_{1}.i$ \\ $\enspace f_{dst+1}.z \longleftarrow_{1} cordic_{1}.z$ \\ $\enspace f_{dst+1}.n \longleftarrow_{1} cordic_{1}.n$ \\ $\enspace f_{dst}.a \longleftarrow_{1} cordic_{0}.a$ \\ $\enspace f_{dst}.i \longleftarrow_{1} cordic_{0}.i$ \\ $\enspace f_{dst}.z \longleftarrow_{1} cordic_{0}.z$ \\ $\enspace f_{dst}.n \longleftarrow_{1} cordic_{0}.n$ \\ else \\ $\enspace cr[5] \longleftarrow_{1} 1$ \\ endif \\"|"if $(dst \enspace \% \enspace 2 == 0 \enspace \& \enspace src \enspace \% \enspace 2 == 0)$ then \\ $\enspace f_{dst}.a$, $f_{dst}.i$, $f_{dst}.z$, $f_{dst}.n$, $f_{dst+1}.a$, $f_{dst+1}.i$, $f_{dst+1}.z$, $f_{dst+1}.n$ \\ else \\ $\enspace cr[5]$ \\ endif \\"|"$f_{dst}.n$ and $f_{dst+1}.n$ are implicit."|"None."|"dst range: 0:31 and even; src range: 0:31 and even"
"cosh.w"|"rdst,rsrc"|"Hyperbolic cosine of GPR"|"Calculate hyperbolic cosine of GPR with cordic coprocessor"|"2"|"A"|"8"|"Cordic"|"1"|"10 0000 r\_src r\_dst uuuuu 00 10001 uuuuu"|"$r_{dst} \longleftarrow_{32} cosh(r_{src}) $ \\ $r_{dst}.c \longleftarrow cordic_{0}.c $ \\ $r_{dst}.v \longleftarrow cordic_{0}.v $ \\ $r_{dst}.z \longleftarrow cordic_{0}.z $ \\ $r_{dst}.n \longleftarrow cordic_{0}.n $ \\"|"$r_{dst}.c$, $r_{dst}.v$, $r_{dst}.z$, $r_{dst}.n$ \\"|"$r_{dst}.n$ is implicit."|"None."|"dst range: 0:31; src range: 0:31"
"cosh.l"|"rdst,rsrc"|"Hyperbolic cosine of long GPR"|"Calculate hyperbolic cosine of long GPR with cordic coprocessor"|"2"|"A"|"8"|"Cordic"|"1"|"10 0000 r\_src r\_dst uuuuu 01 10001 uuuuu"|"if $(dst \enspace \% \enspace 2 == 0 \enspace \& \enspace src \enspace \% \enspace 2 == 0)$ then \\ $\enspace r_{src+1}\#r_{dst} \longleftarrow_{64} cosh(r_{src+1}\#r_{src})$ \\ $\enspace r_{dst+1}.c \longleftarrow_{1} cordic_{1}.c$ \\ $\enspace r_{dst+1}.v \longleftarrow_{1} cordic_{1}.v$ \\ $\enspace r_{dst+1}.z \longleftarrow_{1} cordic_{1}.z$ \\ $\enspace r_{dst+1}.n \longleftarrow_{1} cordic_{1}.n$ \\ $\enspace r_{dst}.c \longleftarrow_{1} cordic_{0}.c$ \\ $\enspace r_{dst}.v \longleftarrow_{1} cordic_{0}.v$ \\$\enspace r_{dst}.z \longleftarrow_{1} cordic_{0}.z$ \\ $\enspace r_{dst}.n \longleftarrow_{1} cordic_{0}.n$ \\ else \\ $\enspace cr[4] \longleftarrow_{1} 1$ \\ endif \\"|"if $(dst \enspace \% \enspace 2 == 0 \enspace \& \enspace src \enspace \% \enspace 2 == 0)$ then \\ $\enspace r_{dst}.c$, $r_{dst}.v$, $r_{dst}.z$, $r_{dst}.n$, $r_{dst+1}.c$, $r_{dst+1}.v$, $r_{dst+1}.z$, $r_{dst+1}.n$ \\ else \\ $\enspace cr[4]$ \\ endif \\"|"$r_{dst}.n$ and $r_{dst+1}.n$ are implicit."|"None."|"dst range: 0:31 and even; src range: 0:31 and even"
"cosh.f"|"fdst,fsrc"|"Hyperbolic cosine of FPR"|"Calculate hyperbolic cosine of FPR with cordic coprocessor"|"2"|"A"|"8"|"Cordic"|"1"|"10 0000 r\_src r\_dst uuuuu 10 10001 uuuuu"|"$f_{dst} \longleftarrow_{32} cosh(f_{src}) $ \\ $f_{dst}.a \longleftarrow cordic_{0}.a $ \\ $f_{dst}.i \longleftarrow cordic_{0}.i $ \\ $f_{dst}.z \longleftarrow cordic_{0}.z $ \\ $f_{dst}.n \longleftarrow cordic_{0}.n $ \\"|"$f_{dst}.a$, $f_{dst}.i$, $f_{dst}.z$, $f_{dst}.n$ \\"|"$f_{dst}.n$ is implicit."|"None."|"dst range: 0:31; src range: 0:31"
"cosh.d"|"fdst,fsrc"|"Hyperbolic cosine of double FPR"|"Calculate hyperbolic cosine of double FPR with cordic coprocessor"|"2"|"A"|"8"|"Cordic"|"1"|"10 0000 r\_src r\_dst uuuuu 11 10001 uuuuu"|"if $(dst \enspace \% \enspace 2 == 0 \enspace \& \enspace src \enspace \% \enspace 2 == 0)$ then \\ $\enspace f_{src+1}\#r_{dst} \longleftarrow_{64} cosh(f_{src+1}\#f_{src})$ \\ $\enspace f_{dst+1}.a \longleftarrow_{1} cordic_{1}.a$ \\ $\enspace f_{dst+1}.i \longleftarrow_{1} cordic_{1}.i$ \\ $\enspace f_{dst+1}.z \longleftarrow_{1} cordic_{1}.z$ \\ $\enspace f_{dst+1}.n \longleftarrow_{1} cordic_{1}.n$ \\ $\enspace f_{dst}.a \longleftarrow_{1} cordic_{0}.a$ \\ $\enspace f_{dst}.i \longleftarrow_{1} cordic_{0}.i$ \\ $\enspace f_{dst}.z \longleftarrow_{1} cordic_{0}.z$ \\ $\enspace f_{dst}.n \longleftarrow_{1} cordic_{0}.n$ \\ else \\ $\enspace cr[5] \longleftarrow_{1} 1$ \\ endif \\"|"if $(dst \enspace \% \enspace 2 == 0 \enspace \& \enspace src \enspace \% \enspace 2 == 0)$ then \\ $\enspace f_{dst}.a$, $f_{dst}.i$, $f_{dst}.z$, $f_{dst}.n$, $f_{dst+1}.a$, $f_{dst+1}.i$, $f_{dst+1}.z$, $f_{dst+1}.n$ \\ else \\ $\enspace cr[5]$ \\ endif \\"|"$f_{dst}.n$ and $f_{dst+1}.n$ are implicit."|"None."|"dst range: 0:31 and even; src range: 0:31 and even"
"sin.w"|"rdst,rsrc"|"Sine of GPR"|"Calculate sine of GPR with cordic coprocessor"|"2"|"A"|"9"|"Cordic"|"2"|"10 0000 r\_src r\_dst uuuuu 00 10010 uuuuu"|"$r_{dst} \longleftarrow_{32} sin(r_{src}) $ \\ $r_{dst}.c \longleftarrow cordic_{0}.c $ \\ $r_{dst}.v \longleftarrow cordic_{0}.v $ \\ $r_{dst}.z \longleftarrow cordic_{0}.z $ \\ $r_{dst}.n \longleftarrow cordic_{0}.n $ \\"|"$r_{dst}.c$, $r_{dst}.v$, $r_{dst}.z$, $r_{dst}.n$ \\"|"$r_{dst}.n$ is implicit."|"None."|"dst range: 0:31; src range: 0:31"
"sin.l"|"rdst,rsrc"|"Sine of long GPR"|"Calculate sine of long GPR with cordic coprocessor"|"2"|"A"|"9"|"Cordic"|"2"|"10 0000 r\_src r\_dst uuuuu 01 10010 uuuuu"|"if $(dst \enspace \% \enspace 2 == 0 \enspace \& \enspace src \enspace \% \enspace 2 == 0)$ then \\ $\enspace r_{src+1}\#r_{dst} \longleftarrow_{64} sin(r_{src+1}\#r_{src})$ \\ $\enspace r_{dst+1}.c \longleftarrow_{1} cordic_{1}.c$ \\ $\enspace r_{dst+1}.v \longleftarrow_{1} cordic_{1}.v$ \\ $\enspace r_{dst+1}.z \longleftarrow_{1} cordic_{1}.z$ \\ $\enspace r_{dst+1}.n \longleftarrow_{1} cordic_{1}.n$ \\ $\enspace r_{dst}.c \longleftarrow_{1} cordic_{0}.c$ \\ $\enspace r_{dst}.v \longleftarrow_{1} cordic_{0}.v$ \\$\enspace r_{dst}.z \longleftarrow_{1} cordic_{0}.z$ \\ $\enspace r_{dst}.n \longleftarrow_{1} cordic_{0}.n$ \\ else \\ $\enspace cr[4] \longleftarrow_{1} 1$ \\ endif \\"|"if $(dst \enspace \% \enspace 2 == 0 \enspace \& \enspace src \enspace \% \enspace 2 == 0)$ then \\ $\enspace r_{dst}.c$, $r_{dst}.v$, $r_{dst}.z$, $r_{dst}.n$, $r_{dst+1}.c$, $r_{dst+1}.v$, $r_{dst+1}.z$, $r_{dst+1}.n$ \\ else \\ $\enspace cr[4]$ \\ endif \\"|"$r_{dst}.n$ and $r_{dst+1}.n$ are implicit."|"None."|"dst range: 0:31 and even; src range: 0:31 and even"
"sin.f"|"fdst,fsrc"|"Sine of FPR"|"Calculate sine of FPR with cordic coprocessor"|"2"|"A"|"9"|"Cordic"|"2"|"10 0000 r\_src r\_dst uuuuu 10 10010 uuuuu"|"$f_{dst} \longleftarrow_{32} sin(f_{src}) $ \\ $f_{dst}.a \longleftarrow cordic_{0}.a $ \\ $f_{dst}.i \longleftarrow cordic_{0}.i $ \\ $f_{dst}.z \longleftarrow cordic_{0}.z $ \\ $f_{dst}.n \longleftarrow cordic_{0}.n $ \\"|"$f_{dst}.a$, $f_{dst}.i$, $f_{dst}.z$, $f_{dst}.n$ \\"|"$f_{dst}.n$ is implicit."|"None."|"dst range: 0:31; src range: 0:31"
"sin.d"|"fdst,fsrc"|"Sine of double FPR"|"Calculate sine of double FPR with cordic coprocessor"|"2"|"A"|"9"|"Cordic"|"2"|"10 0000 r\_src r\_dst uuuuu 11 10010 uuuuu"|"if $(dst \enspace \% \enspace 2 == 0 \enspace \& \enspace src \enspace \% \enspace 2 == 0)$ then \\ $\enspace f_{src+1}\#r_{dst} \longleftarrow_{64} sin(f_{src+1}\#f_{src})$ \\ $\enspace f_{dst+1}.a \longleftarrow_{1} cordic_{1}.a$ \\ $\enspace f_{dst+1}.i \longleftarrow_{1} cordic_{1}.i$ \\ $\enspace f_{dst+1}.z \longleftarrow_{1} cordic_{1}.z$ \\ $\enspace f_{dst+1}.n \longleftarrow_{1} cordic_{1}.n$ \\ $\enspace f_{dst}.a \longleftarrow_{1} cordic_{0}.a$ \\ $\enspace f_{dst}.i \longleftarrow_{1} cordic_{0}.i$ \\ $\enspace f_{dst}.z \longleftarrow_{1} cordic_{0}.z$ \\ $\enspace f_{dst}.n \longleftarrow_{1} cordic_{0}.n$ \\ else \\ $\enspace cr[5] \longleftarrow_{1} 1$ \\ endif \\"|"if $(dst \enspace \% \enspace 2 == 0 \enspace \& \enspace src \enspace \% \enspace 2 == 0)$ then \\ $\enspace f_{dst}.a$, $f_{dst}.i$, $f_{dst}.z$, $f_{dst}.n$, $f_{dst+1}.a$, $f_{dst+1}.i$, $f_{dst+1}.z$, $f_{dst+1}.n$ \\ else \\ $\enspace cr[5]$ \\ endif \\"|"$f_{dst}.n$ and $f_{dst+1}.n$ are implicit."|"None."|"dst range: 0:31 and even; src range: 0:31 and even"
"sinh.w"|"rdst,rsrc"|"Hyperbolic sine of GPR"|"Calculate hyperbolic sine of GPR with cordic coprocessor"|"2"|"A"|"10"|"Cordic"|"3"|"10 0000 r\_src r\_dst uuuuu 00 10011 uuuuu"|"$r_{dst} \longleftarrow_{32} sinh(r_{src}) $ \\ $r_{dst}.c \longleftarrow cordic_{0}.c $ \\ $r_{dst}.v \longleftarrow cordic_{0}.v $ \\ $r_{dst}.z \longleftarrow cordic_{0}.z $ \\ $r_{dst}.n \longleftarrow cordic_{0}.n $ \\"|"$r_{dst}.c$, $r_{dst}.v$, $r_{dst}.z$, $r_{dst}.n$ \\"|"$r_{dst}.n$ is implicit."|"None."|"dst range: 0:31; src range: 0:31"
"sinh.l"|"rdst,rsrc"|"Hyperbolic sine of long GPR"|"Calculate hyperbolic sine of long GPR with cordic coprocessor"|"2"|"A"|"10"|"Cordic"|"3"|"10 0000 r\_src r\_dst uuuuu 01 10011 uuuuu"|"if $(dst \enspace \% \enspace 2 == 0 \enspace \& \enspace src \enspace \% \enspace 2 == 0)$ then \\ $\enspace r_{src+1}\#r_{dst} \longleftarrow_{64} sinh(r_{src+1}\#r_{src})$ \\ $\enspace r_{dst+1}.c \longleftarrow_{1} cordic_{1}.c$ \\ $\enspace r_{dst+1}.v \longleftarrow_{1} cordic_{1}.v$ \\ $\enspace r_{dst+1}.z \longleftarrow_{1} cordic_{1}.z$ \\ $\enspace r_{dst+1}.n \longleftarrow_{1} cordic_{1}.n$ \\ $\enspace r_{dst}.c \longleftarrow_{1} cordic_{0}.c$ \\ $\enspace r_{dst}.v \longleftarrow_{1} cordic_{0}.v$ \\$\enspace r_{dst}.z \longleftarrow_{1} cordic_{0}.z$ \\ $\enspace r_{dst}.n \longleftarrow_{1} cordic_{0}.n$ \\ else \\ $\enspace cr[4] \longleftarrow_{1} 1$ \\ endif \\"|"if $(dst \enspace \% \enspace 2 == 0 \enspace \& \enspace src \enspace \% \enspace 2 == 0)$ then \\ $\enspace r_{dst}.c$, $r_{dst}.v$, $r_{dst}.z$, $r_{dst}.n$, $r_{dst+1}.c$, $r_{dst+1}.v$, $r_{dst+1}.z$, $r_{dst+1}.n$ \\ else \\ $\enspace cr[4]$ \\ endif \\"|"$r_{dst}.n$ and $r_{dst+1}.n$ are implicit."|"None."|"dst range: 0:31 and even; src range: 0:31 and even"
"sinh.f"|"fdst,fsrc"|"Hyperbolic sine of FPR"|"Calculate hyperbolic sine of FPR with cordic coprocessor"|"2"|"A"|"10"|"Cordic"|"3"|"10 0000 r\_src r\_dst uuuuu 10 10011 uuuuu"|"$f_{dst} \longleftarrow_{32} sinh(f_{src}) $ \\ $f_{dst}.a \longleftarrow cordic_{0}.a $ \\ $f_{dst}.i \longleftarrow cordic_{0}.i $ \\ $f_{dst}.z \longleftarrow cordic_{0}.z $ \\ $f_{dst}.n \longleftarrow cordic_{0}.n $ \\"|"$f_{dst}.a$, $f_{dst}.i$, $f_{dst}.z$, $f_{dst}.n$ \\"|"$f_{dst}.n$ is implicit."|"None."|"dst range: 0:31; src range: 0:31"
"sinh.d"|"fdst,fsrc"|"Hyperbolic sine of double FPR"|"Calculate hyperbolic sine of double FPR with cordic coprocessor"|"2"|"A"|"10"|"Cordic"|"3"|"10 0000 r\_src r\_dst uuuuu 11 10011 uuuuu"|"if $(dst \enspace \% \enspace 2 == 0 \enspace \& \enspace src \enspace \% \enspace 2 == 0)$ then \\ $\enspace f_{src+1}\#r_{dst} \longleftarrow_{64} sinh(f_{src+1}\#f_{src})$ \\ $\enspace f_{dst+1}.a \longleftarrow_{1} cordic_{1}.a$ \\ $\enspace f_{dst+1}.i \longleftarrow_{1} cordic_{1}.i$ \\ $\enspace f_{dst+1}.z \longleftarrow_{1} cordic_{1}.z$ \\ $\enspace f_{dst+1}.n \longleftarrow_{1} cordic_{1}.n$ \\ $\enspace f_{dst}.a \longleftarrow_{1} cordic_{0}.a$ \\ $\enspace f_{dst}.i \longleftarrow_{1} cordic_{0}.i$ \\ $\enspace f_{dst}.z \longleftarrow_{1} cordic_{0}.z$ \\ $\enspace f_{dst}.n \longleftarrow_{1} cordic_{0}.n$ \\ else \\ $\enspace cr[5] \longleftarrow_{1} 1$ \\ endif \\"|"if $(dst \enspace \% \enspace 2 == 0 \enspace \& \enspace src \enspace \% \enspace 2 == 0)$ then \\ $\enspace f_{dst}.a$, $f_{dst}.i$, $f_{dst}.z$, $f_{dst}.n$, $f_{dst+1}.a$, $f_{dst+1}.i$, $f_{dst+1}.z$, $f_{dst+1}.n$ \\ else \\ $\enspace cr[5]$ \\ endif \\"|"$f_{dst}.n$ and $f_{dst+1}.n$ are implicit."|"None."|"dst range: 0:31 and even; src range: 0:31 and even"
"sqrt1msq.w"|"rdst,rsrc"|"Square root 1 minus square of GPR"|"Calculate square root of 1 minus $GPR^{2}$ with cordic coprocessor"|"2"|"A"|"11"|"Cordic"|"4"|"10 0000 r\_src r\_dst uuuuu 00 10100 uuuuu"|"$r_{dst} \longleftarrow_{32} sqrt(1 - r_{src}^{2}) $ \\ $r_{dst}.c \longleftarrow cordic_{0}.c $ \\ $r_{dst}.v \longleftarrow cordic_{0}.v $ \\ $r_{dst}.z \longleftarrow cordic_{0}.z $ \\ $r_{dst}.n \longleftarrow cordic_{0}.n $ \\"|"$r_{dst}.c$, $r_{dst}.v$, $r_{dst}.z$, $r_{dst}.n$ \\"|"$r_{dst}.n$ is implicit."|"None."|"dst range: 0:31; src range: 0:31"
"sqrt1msq.l"|"rdst,rsrc"|"Square root 1 minus square of long GPR"|"Calculate square root of 1 minus long $GPR^{2}$ with cordic coprocessor"|"2"|"A"|"11"|"Cordic"|"4"|"10 0000 r\_src r\_dst uuuuu 01 10100 uuuuu"|"if $(dst \enspace \% \enspace 2 == 0 \& src \enspace \% \enspace 2 == 0)$ then \\ $\enspace r_{src+1}\#r_{dst} \longleftarrow_{64} sqrt(1 - (r_{src+1} \# r_{src})^{2})$ \\ $\enspace r_{dst+1}.c \longleftarrow_{1} cordic_{1}.c$ \\ $\enspace r_{dst+1}.v \longleftarrow_{1} cordic_{1}.v$ \\ $\enspace r_{dst+1}.z \longleftarrow_{1} cordic_{1}.z$ \\  $\enspace r_{dst+1}.n \longleftarrow_{1} cordic_{1}.n$ \\ $\enspace r_{dst}.c \longleftarrow_{1} cordic_{0}.c$ \\ $\enspace r_{dst}.v \longleftarrow_{1} cordic_{0}.v$ \\ $\enspace r_{dst}.z \longleftarrow_{1} cordic_{0}.z$ \\ $\enspace r_{dst}.n \longleftarrow_{1} cordic_{0}.n$ \\ else \\ $\enspace cr[4] \longleftarrow_{1} 1$ \\ endif \\"|"if $(dst \enspace \% \enspace 2 == 0 \enspace \& \enspace src \enspace \% \enspace 2 == 0)$ then \\ $\enspace r_{dst}.c$, $r_{dst}.v$, $r_{dst}.z$, $r_{dst}.n$, $r_{dst+1}.c$, $r_{dst+1}.v$, $r_{dst+1}.z$, $r_{dst+1}.n$ \\ else \\ $\enspace cr[4]$ \\ endif \\"|"$r_{dst}.n$ and $r_{dst+1}.n$ are implicit."|"None."|"dst range: 0:31 and even; src range: 0:31 and even"
"sqrt1msq.f"|"fdst,fsrc"|"Square root 1 minus square of FPR"|"Calculate square root of 1 minus $FPR^{2}$ with cordic coprocessor"|"2"|"A"|"11"|"Cordic"|"4"|"10 0000 r\_src r\_dst uuuuu 10 10100 uuuuu"|"$f_{dst} \longleftarrow_{32} sqrt(1 - f_{src}^{2}) $ \\ $f_{dst}.a \longleftarrow cordic_{0}.a $ \\ $f_{dst}.i \longleftarrow cordic_{0}.i $ \\ $f_{dst}.z \longleftarrow cordic_{0}.z $ \\ $f_{dst}.n \longleftarrow cordic_{0}.n $ \\"|"$f_{dst}.a$, $f_{dst}.i$, $f_{dst}.z$, $f_{dst}.n$ \\"|"$f_{dst}.n$ is implicit."|"None."|"dst range: 0:31; src range: 0:31"
"sqrt1msq.d"|"fdst,fsrc"|"Square root 1 minus square of double FPR"|"Calculate square root of 1 minus double $FPR^{2}$ with cordic coprocessor"|"2"|"A"|"11"|"Cordic"|"4"|"10 0000 r\_src r\_dst uuuuu 11 10100 uuuuu"|"if $(dst \enspace \% \enspace 2 == 0 \& src \enspace \% \enspace 2 == 0)$ then \\ $\enspace f_{src+1}\#r_{dst} \longleftarrow_{64} sqrt(1 - (f_{src+1} \# f_{src})^2)$ \\ $\enspace f_{dst+1}.a \longleftarrow_{1} cordic_{1}.a$ \\ $\enspace f_{dst+1}.i \longleftarrow_{1} cordic_{1}.i$ \\ $\enspace f_{dst+1}.z \longleftarrow_{1} cordic_{1}.z$ \\ $\enspace f_{dst+1}.n \longleftarrow_{1} cordic_{1}.n$ \\ $\enspace f_{dst}.a \longleftarrow_{1} cordic_{0}.a$ \\ $\enspace f_{dst}.i \longleftarrow_{1} cordic_{0}.i$ \\ $\enspace f_{dst}.z \longleftarrow_{1} cordic_{0}.z$ \\ $\enspace f_{dst}.n \longleftarrow_{1} cordic_{0}.n$ \\ else \\ $\enspace cr[5] \longleftarrow_{1} 1$ \\ endif \\"|"if $(dst \enspace \% \enspace 2 == 0 \enspace \& \enspace src \enspace \% \enspace 2 == 0)$ then \\ $\enspace f_{dst}.a$, $f_{dst}.i$, $f_{dst}.z$, $f_{dst}.n$, $f_{dst+1}.a$, $f_{dst+1}.i$, $f_{dst+1}.z$, $f_{dst+1}.n$ \\ else \\ $\enspace cr[5]$ \\ endif \\"|"$f_{dst}.n$ and $f_{dst+1}.n$ are implicit."|"None."|"dst range: 0:31 and even; src range: 0:31 and even"
"sqrt1psq.w"|"rdst,rsrc"|"Square root 1 plus $GPR^{2}$"|"Calculate square root of 1 plus $GPR^{2}$ with cordic coprocessor"|"2"|"A"|"12"|"Cordic"|"5"|"10 0000 r\_src r\_dst uuuuu 00 10101 uuuuu"|"$r_{dst} \longleftarrow_{32} sqrt(1 + r_{src}^{2}) $ \\ $r_{dst}.c \longleftarrow cordic_{0}.c $ \\ $r_{dst}.v \longleftarrow cordic_{0}.v $ \\ $r_{dst}.z \longleftarrow cordic_{0}.z $ \\ $r_{dst}.n \longleftarrow cordic_{0}.n $ \\"|||"None."|"dst range: 0:31; src range: 0:31"
"sqrt1psq.l"|"rdst,rsrc"|"Square root 1 plus long $GPR^{2}$"|"Calculate square root of 1 plus long $GPR^{2}$ with cordic coprocessor"|"2"|"A"|"12"|"Cordic"|"5"|"10 0000 r\_src r\_dst uuuuu 01 10101 uuuuu"|"if $(dst \enspace \% \enspace 2 == 0 \& src \enspace \% \enspace 2 == 0)$ then \\ $\enspace r_{src+1}\#r_{dst} \longleftarrow_{64} sqrt(1 + (r_{src+1} \# r_{src})^{2})$ \\ $\enspace r_{dst+1}.c \longleftarrow_{1} cordic_{1}.c$ \\ $\enspace r_{dst+1}.v \longleftarrow_{1} cordic_{1}.v$ \\ $\enspace r_{dst+1}.z \longleftarrow_{1} cordic_{1}.z$ \\  $\enspace r_{dst+1}.n \longleftarrow_{1} cordic_{1}.n$ \\ $\enspace r_{dst}.c \longleftarrow_{1} cordic_{0}.c$ \\ $\enspace r_{dst}.v \longleftarrow_{1} cordic_{0}.v$ \\ $\enspace r_{dst}.z \longleftarrow_{1} cordic_{0}.z$ \\ $\enspace r_{dst}.n \longleftarrow_{1} cordic_{0}.n$ \\ else \\ $\enspace cr[4] \longleftarrow_{1} 1$ \\ endif \\"|||"None."|"dst range: 0:31 and even; src range: 0:31 and even"
"sqrt1psq.f"|"fdst,fsrc"|"Square root 1 plus $FPR^{2}$"|"Calculate square root of 1 plus $FPR^{2}$ with cordic coprocessor"|"2"|"A"|"12"|"Cordic"|"5"|"10 0000 r\_src r\_dst uuuuu 10 10101 uuuuu"|"$f_{dst} \longleftarrow_{32} sqrt(1 + f_{src}^{2}) $ \\ $f_{dst}.a \longleftarrow cordic_{0}.a $ \\ $f_{dst}.i \longleftarrow cordic_{0}.i $ \\ $f_{dst}.z \longleftarrow cordic_{0}.z $ \\ $f_{dst}.n \longleftarrow cordic_{0}.n $ \\"|||"None."|"dst range: 0:31; src range: 0:31"
"sqrt1psq.d"|"fdst,fsrc"|"Square root 1 plus double $FPR^{2}$"|"Calculate square root of 1 plus double $FPR^{2}$ with cordic coprocessor"|"2"|"A"|"12"|"Cordic"|"5"|"10 0000 r\_src r\_dst uuuuu 11 10101 uuuuu"|"if $(dst \enspace \% \enspace 2 == 0 \& src \enspace \% \enspace 2 == 0)$ then \\ $\enspace f_{src+1}\#r_{dst} \longleftarrow_{64} sqrt(1 + (f_{src+1} \# f_{src})^2)$ \\ $\enspace f_{dst+1}.a \longleftarrow_{1} cordic_{1}.a$ \\ $\enspace f_{dst+1}.i \longleftarrow_{1} cordic_{1}.i$ \\ $\enspace f_{dst+1}.z \longleftarrow_{1} cordic_{1}.z$ \\ $\enspace f_{dst+1}.n \longleftarrow_{1} cordic_{1}.n$ \\ $\enspace f_{dst}.a \longleftarrow_{1} cordic_{0}.a$ \\ $\enspace f_{dst}.i \longleftarrow_{1} cordic_{0}.i$ \\ $\enspace f_{dst}.z \longleftarrow_{1} cordic_{0}.z$ \\ $\enspace f_{dst}.n \longleftarrow_{1} cordic_{0}.n$ \\ else \\ $\enspace cr[5] \longleftarrow_{1} 1$ \\ endif \\"|||"None."|"dst range: 0:31 and even; src range: 0:31 and even"
"atan.w"|"rdst,rsrc"|"Arctangent of GPR"|"Calculate arctangent of GPR with cordic coprocessor"|"2"|"A"|"13"|"Cordic"|"6"|"10 0000 r\_src r\_dst uuuuu 00 10110 uuuuu"|"$r_{dst} \longleftarrow_{32} atan(r_{src}) $ \\ $r_{dst}.c \longleftarrow cordic_{0}.c $ \\ $r_{dst}.v \longleftarrow cordic_{0}.v $ \\ $r_{dst}.z \longleftarrow cordic_{0}.z $ \\ $r_{dst}.n \longleftarrow cordic_{0}.n $ \\"|"$r_{dst}.c$, $r_{dst}.v$, $r_{dst}.z$, $r_{dst}.n$ \\"|"$r_{dst}.n$ is implicit."|"None."|"dst range: 0:31; src range: 0:31"
"atan.l"|"rdst,rsrc"|"Arctangent of long GPR"|"Calculate arctangent of long GPR with cordic coprocessor"|"2"|"A"|"13"|"Cordic"|"6"|"10 0000 r\_src r\_dst uuuuu 01 10110 uuuuu"|"if $(dst \enspace \% \enspace 2 == 0 \enspace \& \enspace src \enspace \% \enspace 2 == 0)$ then \\ $\enspace r_{src+1}\#r_{dst} \longleftarrow_{64} atan(r_{src+1}\#r_{src})$ \\ $\enspace r_{dst+1}.c \longleftarrow_{1} cordic_{1}.c$ \\ $\enspace r_{dst+1}.v \longleftarrow_{1} cordic_{1}.v$ \\ $\enspace r_{dst+1}.z \longleftarrow_{1} cordic_{1}.z$ \\ $\enspace r_{dst+1}.n \longleftarrow_{1} cordic_{1}.n$ \\ $\enspace r_{dst}.c \longleftarrow_{1} cordic_{0}.c$ \\ $\enspace r_{dst}.v \longleftarrow_{1} cordic_{0}.v$ \\$\enspace r_{dst}.z \longleftarrow_{1} cordic_{0}.z$ \\ $\enspace r_{dst}.n \longleftarrow_{1} cordic_{0}.n$ \\ else \\ $\enspace cr[4] \longleftarrow_{1} 1$ \\ endif \\"|"if $(dst \enspace \% \enspace 2 == 0 \enspace \& \enspace src \enspace \% \enspace 2 == 0)$ then \\ $\enspace r_{dst}.c$, $r_{dst}.v$, $r_{dst}.z$, $r_{dst}.n$, $r_{dst+1}.c$, $r_{dst+1}.v$, $r_{dst+1}.z$, $r_{dst+1}.n$ \\ else \\ $\enspace cr[4]$ \\ endif \\"|"$r_{dst}.n$ and $r_{dst+1}.n$ are implicit."|"None."|"dst range: 0:31 and even; src range: 0:31 and even"
"atan.f"|"fdst,fsrc"|"Arctangent of FPR"|"Calculate arctangent of FPR with cordic coprocessor"|"2"|"A"|"13"|"Cordic"|"6"|"10 0000 r\_src r\_dst uuuuu 10 10110 uuuuu"|"$f_{dst} \longleftarrow_{32} atan(f_{src}) $ \\ $f_{dst}.a \longleftarrow cordic_{0}.a $ \\ $f_{dst}.i \longleftarrow cordic_{0}.i $ \\ $f_{dst}.z \longleftarrow cordic_{0}.z $ \\ $f_{dst}.n \longleftarrow cordic_{0}.n $ \\"|"$f_{dst}.a$, $f_{dst}.i$, $f_{dst}.z$, $f_{dst}.n$ \\"|"$f_{dst}.n$ is implicit."|"None."|"dst range: 0:31; src range: 0:31"
"atan.d"|"fdst,fsrc"|"Arctangent of double FPR"|"Calculate arctangent of double FPR with cordic coprocessor"|"2"|"A"|"13"|"Cordic"|"6"|"10 0000 r\_src r\_dst uuuuu 11 10110 uuuuu"|"if $(dst \enspace \% \enspace 2 == 0 \enspace \& \enspace src \enspace \% \enspace 2 == 0)$ then \\ $\enspace f_{src+1}\#r_{dst} \longleftarrow_{64} atan(f_{src+1}\#f_{src})$ \\ $\enspace f_{dst+1}.a \longleftarrow_{1} cordic_{1}.a$ \\ $\enspace f_{dst+1}.i \longleftarrow_{1} cordic_{1}.i$ \\ $\enspace f_{dst+1}.z \longleftarrow_{1} cordic_{1}.z$ \\ $\enspace f_{dst+1}.n \longleftarrow_{1} cordic_{1}.n$ \\ $\enspace f_{dst}.a \longleftarrow_{1} cordic_{0}.a$ \\ $\enspace f_{dst}.i \longleftarrow_{1} cordic_{0}.i$ \\ $\enspace f_{dst}.z \longleftarrow_{1} cordic_{0}.z$ \\ $\enspace f_{dst}.n \longleftarrow_{1} cordic_{0}.n$ \\ else \\ $\enspace cr[5] \longleftarrow_{1} 1$ \\ endif \\"|"if $(dst \enspace \% \enspace 2 == 0 \enspace \& \enspace src \enspace \% \enspace 2 == 0)$ then \\ $\enspace f_{dst}.a$, $f_{dst}.i$, $f_{dst}.z$, $f_{dst}.n$, $f_{dst+1}.a$, $f_{dst+1}.i$, $f_{dst+1}.z$, $f_{dst+1}.n$ \\ else \\ $\enspace cr[5]$ \\ endif \\"|"$f_{dst}.n$ and $f_{dst+1}.n$ are implicit."|"None."|"dst range: 0:31 and even; src range: 0:31 and even"
"atanh.w"|"rdst,rsrc"|"Hyperbolic arctangent of GPR"|"Calculate hyperbolic arctangent of GPR with cordic coprocessor"|"2"|"A"|"14"|"Cordic"|"7"|"10 0000 r\_src r\_dst uuuuu 00 10111 uuuuu"|"$r_{dst} \longleftarrow_{32} atanh(r_{src}) $ \\ $r_{dst}.c \longleftarrow cordic_{0}.c $ \\ $r_{dst}.v \longleftarrow cordic_{0}.v $ \\ $r_{dst}.z \longleftarrow cordic_{0}.z $ \\ $r_{dst}.n \longleftarrow cordic_{0}.n $ \\"|"$r_{dst}.c$, $r_{dst}.v$, $r_{dst}.z$, $r_{dst}.n$ \\"|"$r_{dst}.n$ is implicit."|"None."|"dst range: 0:31; src range: 0:31"
"atanh.l"|"rdst,rsrc"|"Hyperbolic arctangent of long GPR"|"Calculate hyperbolic arctangent of long GPR with cordic coprocessor"|"2"|"A"|"14"|"Cordic"|"7"|"10 0000 r\_src r\_dst uuuuu 01 10111 uuuuu"|"if $(dst \enspace \% \enspace 2 == 0 \enspace \& \enspace src \enspace \% \enspace 2 == 0)$ then \\ $\enspace r_{src+1}\#r_{dst} \longleftarrow_{64} atanh(r_{src+1}\#r_{src})$ \\ $\enspace r_{dst+1}.c \longleftarrow_{1} cordic_{1}.c$ \\ $\enspace r_{dst+1}.v \longleftarrow_{1} cordic_{1}.v$ \\ $\enspace r_{dst+1}.z \longleftarrow_{1} cordic_{1}.z$ \\ $\enspace r_{dst+1}.n \longleftarrow_{1} cordic_{1}.n$ \\ $\enspace r_{dst}.c \longleftarrow_{1} cordic_{0}.c$ \\ $\enspace r_{dst}.v \longleftarrow_{1} cordic_{0}.v$ \\$\enspace r_{dst}.z \longleftarrow_{1} cordic_{0}.z$ \\ $\enspace r_{dst}.n \longleftarrow_{1} cordic_{0}.n$ \\ else \\ $\enspace cr[4] \longleftarrow_{1} 1$ \\ endif \\"|"if $(dst \enspace \% \enspace 2 == 0 \enspace \& \enspace src \enspace \% \enspace 2 == 0)$ then \\ $\enspace r_{dst}.c$, $r_{dst}.v$, $r_{dst}.z$, $r_{dst}.n$, $r_{dst+1}.c$, $r_{dst+1}.v$, $r_{dst+1}.z$, $r_{dst+1}.n$ \\ else \\ $\enspace cr[4]$ \\ endif \\"|"$r_{dst}.n$ and $r_{dst+1}.n$ are implicit."|"None."|"dst range: 0:31 and even; src range: 0:31 and even"
"atanh.f"|"fdst,fsrc"|"Hyperbolic arctangent of FPR"|"Calculate hyperbolic arctangent of FPR with cordic coprocessor"|"2"|"A"|"14"|"Cordic"|"7"|"10 0000 r\_src r\_dst uuuuu 10 10111 uuuuu"|"$f_{dst} \longleftarrow_{32} atanh(f_{src}) $ \\ $f_{dst}.a \longleftarrow cordic_{0}.a $ \\ $f_{dst}.i \longleftarrow cordic_{0}.i $ \\ $f_{dst}.z \longleftarrow cordic_{0}.z $ \\ $f_{dst}.n \longleftarrow cordic_{0}.n $ \\"|"$f_{dst}.a$, $f_{dst}.i$, $f_{dst}.z$, $f_{dst}.n$ \\"|"$f_{dst}.n$ is implicit."|"None."|"dst range: 0:31; src range: 0:31"
"atanh.d"|"fdst,fsrc"|"Hyperbolic arctangent of double FPR"|"Calculate hyperbolic arctangent of double FPR with cordic coprocessor"|"2"|"A"|"14"|"Cordic"|"7"|"10 0000 r\_src r\_dst uuuuu 10 10111 uuuuu"|"if $(dst \enspace \% \enspace 2 == 0 \enspace \& \enspace src \enspace \% \enspace 2 == 0)$ then \\ $\enspace f_{src+1}\#r_{dst} \longleftarrow_{64} atanh(f_{src+1}\#f_{src})$ \\ $\enspace f_{dst+1}.a \longleftarrow_{1} cordic_{1}.a$ \\ $\enspace f_{dst+1}.i \longleftarrow_{1} cordic_{1}.i$ \\ $\enspace f_{dst+1}.z \longleftarrow_{1} cordic_{1}.z$ \\ $\enspace f_{dst+1}.n \longleftarrow_{1} cordic_{1}.n$ \\ $\enspace f_{dst}.a \longleftarrow_{1} cordic_{0}.a$ \\ $\enspace f_{dst}.i \longleftarrow_{1} cordic_{0}.i$ \\ $\enspace f_{dst}.z \longleftarrow_{1} cordic_{0}.z$ \\ $\enspace f_{dst}.n \longleftarrow_{1} cordic_{0}.n$ \\ else \\ $\enspace cr[5] \longleftarrow_{1} 1$ \\ endif \\"|"if $(dst \enspace \% \enspace 2 == 0 \enspace \& \enspace src \enspace \% \enspace 2 == 0)$ then \\ $\enspace f_{dst}.a$, $f_{dst}.i$, $f_{dst}.z$, $f_{dst}.n$, $f_{dst+1}.a$, $f_{dst+1}.i$, $f_{dst+1}.z$, $f_{dst+1}.n$ \\ else \\ $\enspace cr[5]$ \\ endif \\"|"$f_{dst}.n$ and $f_{dst+1}.n$ are implicit."|"None."|"dst range: 0:31 and even; src range: 0:31 and even"
"ln.w"|"rdst,rsrc"|"Natural logarithm of GPR"|"Calculate natural logarithm of GPR with cordic coprocessor"|"2"|"A"|"15"|"Cordic"|"8"|"10 0000 r\_src r\_dst uuuuu 00 11000 uuuuu"|"$r_{dst} \longleftarrow_{32} ln(r_{src}) $ \\ $r_{dst}.c \longleftarrow cordic_{0}.c $ \\ $r_{dst}.v \longleftarrow cordic_{0}.v $ \\ $r_{dst}.z \longleftarrow cordic_{0}.z $ \\ $r_{dst}.n \longleftarrow cordic_{0}.n $ \\"|"$r_{dst}.c$, $r_{dst}.v$, $r_{dst}.z$, $r_{dst}.n$ \\"|"$r_{dst}.n$ is implicit."|"None."|"dst range: 0:31; src range: 0:31"
"ln.l"|"rdst,rsrc"|"Natural logarithm of long GPR"|"Calculate natural logarithm of long GPR with cordic coprocessor"|"2"|"A"|"15"|"Cordic"|"8"|"10 0000 r\_src r\_dst uuuuu 01 11000 uuuuu"|"if $(dst \enspace \% \enspace 2 == 0 \enspace \& \enspace src \enspace \% \enspace 2 == 0)$ then \\ $\enspace r_{src+1}\#r_{dst} \longleftarrow_{64} ln(r_{src+1}\#r_{src})$ \\ $\enspace r_{dst+1}.c \longleftarrow_{1} cordic_{1}.c$ \\ $\enspace r_{dst+1}.v \longleftarrow_{1} cordic_{1}.v$ \\ $\enspace r_{dst+1}.z \longleftarrow_{1} cordic_{1}.z$ \\ $\enspace r_{dst+1}.n \longleftarrow_{1} cordic_{1}.n$ \\ $\enspace r_{dst}.c \longleftarrow_{1} cordic_{0}.c$ \\ $\enspace r_{dst}.v \longleftarrow_{1} cordic_{0}.v$ \\$\enspace r_{dst}.z \longleftarrow_{1} cordic_{0}.z$ \\ $\enspace r_{dst}.n \longleftarrow_{1} cordic_{0}.n$ \\ else \\ $\enspace cr[4] \longleftarrow_{1} 1$ \\ endif \\"|"if $(dst \enspace \% \enspace 2 == 0 \enspace \& \enspace src \enspace \% \enspace 2 == 0)$ then \\ $\enspace r_{dst}.c$, $r_{dst}.v$, $r_{dst}.z$, $r_{dst}.n$, $r_{dst+1}.c$, $r_{dst+1}.v$, $r_{dst+1}.z$, $r_{dst+1}.n$ \\ else \\ $\enspace cr[4]$ \\ endif \\"|"$r_{dst}.n$ and $r_{dst+1}.n$ are implicit."|"None."|"dst range: 0:31 and even; src range: 0:31 and even"
"ln.f"|"fdst,fsrc"|"Natural logarithm of FPR"|"Calculate natural logarithm of FPR with cordic coprocessor"|"2"|"A"|"15"|"Cordic"|"8"|"10 0000 r\_src r\_dst uuuuu 10 11000 uuuuu"|"$f_{dst} \longleftarrow_{32} ln(f_{src}) $ \\ $f_{dst}.a \longleftarrow cordic_{0}.a $ \\ $f_{dst}.i \longleftarrow cordic_{0}.i $ \\ $f_{dst}.z \longleftarrow cordic_{0}.z $ \\ $f_{dst}.n \longleftarrow cordic_{0}.n $ \\"|"$f_{dst}.a$, $f_{dst}.i$, $f_{dst}.z$, $f_{dst}.n$ \\"|"$f_{dst}.n$ is implicit."|"None."|"dst range: 0:31; src range: 0:31"
"ln.d"|"fdst,fsrc"|"Natural logarithm of double FPR"|"Calculate natural logarithm of double FPR with cordic coprocessor"|"2"|"A"|"15"|"Cordic"|"8"|"10 0000 r\_src r\_dst uuuuu 10 11000 uuuuu"|"if $(dst \enspace \% \enspace 2 == 0 \enspace \& \enspace src \enspace \% \enspace 2 == 0)$ then \\ $\enspace f_{src+1}\#r_{dst} \longleftarrow_{64} ln(f_{src+1}\#f_{src})$ \\ $\enspace f_{dst+1}.a \longleftarrow_{1} cordic_{1}.a$ \\ $\enspace f_{dst+1}.i \longleftarrow_{1} cordic_{1}.i$ \\ $\enspace f_{dst+1}.z \longleftarrow_{1} cordic_{1}.z$ \\ $\enspace f_{dst+1}.n \longleftarrow_{1} cordic_{1}.n$ \\ $\enspace f_{dst}.a \longleftarrow_{1} cordic_{0}.a$ \\ $\enspace f_{dst}.i \longleftarrow_{1} cordic_{0}.i$ \\ $\enspace f_{dst}.z \longleftarrow_{1} cordic_{0}.z$ \\ $\enspace f_{dst}.n \longleftarrow_{1} cordic_{0}.n$ \\ else \\ $\enspace cr[5] \longleftarrow_{1} 1$ \\ endif \\"|"if $(dst \enspace \% \enspace 2 == 0 \enspace \& \enspace src \enspace \% \enspace 2 == 0)$ then \\ $\enspace f_{dst}.a$, $f_{dst}.i$, $f_{dst}.z$, $f_{dst}.n$, $f_{dst+1}.a$, $f_{dst+1}.i$, $f_{dst+1}.z$, $f_{dst+1}.n$ \\ else \\ $\enspace cr[5]$ \\ endif \\"|"$f_{dst}.n$ and $f_{dst+1}.n$ are implicit."|"None."|"dst range: 0:31 and even; src range: 0:31 and even"
"sqrt.w"|"rdst,rsrc"|"Square root of GPR"|"Calculate square root of GPR with cordic coprocessor"|"2"|"A"|"16"|"Cordic"|"9"|"10 0000 r\_src r\_dst uuuuu 00 11001 uuuuu"|"$r_{dst} \longleftarrow_{32} sqrt(r_{src}) $ \\ $r_{dst}.c \longleftarrow cordic_{0}.c $ \\ $r_{dst}.v \longleftarrow cordic_{0}.v $ \\ $r_{dst}.z \longleftarrow cordic_{0}.z $ \\ $r_{dst}.n \longleftarrow cordic_{0}.n $ \\"|"$r_{dst}.c$, $r_{dst}.v$, $r_{dst}.z$, $r_{dst}.n$ \\"|"$r_{dst}.n$ is implicit."|"None."|"dst range: 0:31; src range: 0:31"
"sqrt.l"|"rdst,rsrc"|"Square root of long GPR"|"Calculate square root of long GPR with cordic coprocessor"|"2"|"A"|"16"|"Cordic"|"9"|"10 0000 r\_src r\_dst uuuuu 01 11001 uuuuu"|"if $(dst \enspace \% \enspace 2 == 0 \enspace \& \enspace src \enspace \% \enspace 2 == 0)$ then \\ $\enspace r_{src+1}\#r_{dst} \longleftarrow_{64} sqrt(r_{src+1}\#r_{src})$ \\ $\enspace r_{dst+1}.c \longleftarrow_{1} cordic_{1}.c$ \\ $\enspace r_{dst+1}.v \longleftarrow_{1} cordic_{1}.v$ \\ $\enspace r_{dst+1}.z \longleftarrow_{1} cordic_{1}.z$ \\ $\enspace r_{dst+1}.n \longleftarrow_{1} cordic_{1}.n$ \\ $\enspace r_{dst}.c \longleftarrow_{1} cordic_{0}.c$ \\ $\enspace r_{dst}.v \longleftarrow_{1} cordic_{0}.v$ \\$\enspace r_{dst}.z \longleftarrow_{1} cordic_{0}.z$ \\ $\enspace r_{dst}.n \longleftarrow_{1} cordic_{0}.n$ \\ else \\ $\enspace cr[4] \longleftarrow_{1} 1$ \\ endif \\"|"if $(dst \enspace \% \enspace 2 == 0 \enspace \& \enspace src \enspace \% \enspace 2 == 0)$ then \\ $\enspace r_{dst}.c$, $r_{dst}.v$, $r_{dst}.z$, $r_{dst}.n$, $r_{dst+1}.c$, $r_{dst+1}.v$, $r_{dst+1}.z$, $r_{dst+1}.n$ \\ else \\ $\enspace cr[4]$ \\ endif \\"|"$r_{dst}.n$ and $r_{dst+1}.n$ are implicit."|"None."|"dst range: 0:31 and even; src range: 0:31 and even"
"sqrt.f"|"fdst,fsrc"|"Square root of FPR"|"Calculate square root of FPR with cordic coprocessor"|"2"|"A"|"16"|"Cordic"|"9"|"10 0000 r\_src r\_dst uuuuu 10 11001 uuuuu"|"$f_{dst} \longleftarrow_{32} sqrt(f_{src}) $ \\ $f_{dst}.a \longleftarrow cordic_{0}.a $ \\ $f_{dst}.i \longleftarrow cordic_{0}.i $ \\ $f_{dst}.z \longleftarrow cordic_{0}.z $ \\ $f_{dst}.n \longleftarrow cordic_{0}.n $ \\"|"$f_{dst}.a$, $f_{dst}.i$, $f_{dst}.z$, $f_{dst}.n$ \\"|"$f_{dst}.n$ is implicit."|"None."|"dst range: 0:31; src range: 0:31"
"sqrt.d"|"fdst,fsrc"|"Square root of double FPR"|"Calculate square root of double FPR with cordic coprocessor"|"2"|"A"|"16"|"Cordic"|"9"|"10 0000 r\_src r\_dst uuuuu 10 11001 uuuuu"|"if $(dst \enspace \% \enspace 2 == 0 \enspace \& \enspace src \enspace \% \enspace 2 == 0)$ then \\ $\enspace f_{src+1}\#r_{dst} \longleftarrow_{64} sqrt(f_{src+1}\#f_{src})$ \\ $\enspace f_{dst+1}.a \longleftarrow_{1} cordic_{1}.a$ \\ $\enspace f_{dst+1}.i \longleftarrow_{1} cordic_{1}.i$ \\ $\enspace f_{dst+1}.z \longleftarrow_{1} cordic_{1}.z$ \\ $\enspace f_{dst+1}.n \longleftarrow_{1} cordic_{1}.n$ \\ $\enspace f_{dst}.a \longleftarrow_{1} cordic_{0}.a$ \\ $\enspace f_{dst}.i \longleftarrow_{1} cordic_{0}.i$ \\ $\enspace f_{dst}.z \longleftarrow_{1} cordic_{0}.z$ \\ $\enspace f_{dst}.n \longleftarrow_{1} cordic_{0}.n$ \\ else \\ $\enspace cr[5] \longleftarrow_{1} 1$ \\ endif \\"|"if $(dst \enspace \% \enspace 2 == 0 \enspace \& \enspace src \enspace \% \enspace 2 == 0)$ then \\ $\enspace f_{dst}.a$, $f_{dst}.i$, $f_{dst}.z$, $f_{dst}.n$, $f_{dst+1}.a$, $f_{dst+1}.i$, $f_{dst+1}.z$, $f_{dst+1}.n$ \\ else \\ $\enspace cr[5]$ \\ endif \\"|"$f_{dst}.n$ and $f_{dst+1}.n$ are implicit."|"None."|"dst range: 0:31 and even; src range: 0:31 and even"
"addi.w"|"rdst,rsrc,IMM"|"Add immediate"|"Add immediate to GPR"|"2"|"B"|"0"|"Arithmetic"|"0"|"10 0001 r\_src r\_dst iiiiiiiiiiiiiiii"|"$r_{dst}[31:0] \longleftarrow_{32} r_{src}[31:0] + sx_{32}(imm_{16})$ \\ $r_{dst}.c \longleftarrow_{1} alu_{0}.c$ \\ $r_{dst}.v \longleftarrow_{1} alu_{0}.v$ \\ $r_{dst}.z \longleftarrow_{1} alu_{0}.z$ \\ $r_{dst}.n \longleftarrow_{1} alu_{0}.n$ \\"|"$r_{dst}.c$, $r_{dst}.v$, $r_{dst}.z$, $r_{dst}.n$ \\"|"$r_{dst}.n$ is implicit."|"IMM range: -32768:32767"|"dst range: 0:31; src range: 0:31"
"addui.w"|"rdst,rsrc,IMM"|"Add unsigned immediate"|"Add unsigned immediate to GPR"|"2"|"B"|"0"|"Arithmetic"|"0"|"10 0010 r\_src r\_dst iiiiiiiiiiiiiiii"|"$r_{dst}[31:0] \longleftarrow_{32} r_{src}[31:0] + x_{32}(imm_{16})$ \\ $r_{dst}.c \longleftarrow_{1} alu_{0}.c$ \\ $r_{dst}.v \longleftarrow_{1} alu_{0}.v$ \\ $r_{dst}.z \longleftarrow_{1} alu_{0}.z$ \\ $r_{dst}.n \longleftarrow_{1} alu_{0}.n$ \\"|"$r_{dst}.c$, $r_{dst}.v$, $r_{dst}.z$, $r_{dst}.n$ \\"|"$r_{dst}.n$ is implicit."|"IMM range: 0:65536"|"dst range: 0:31; src range: 0:31"
"subi.w"|"rdst,rsrc,IMM"|"Substract immediate"|"Substract immediate from GPR"|"2"|"B"|"1"|"Arithmetic"|"1"|"10 0011 r\_src r\_dst iiiiiiiiiiiiiiii"|"$r_{dst}[31:0] \longleftarrow_{32} r_{src}[31:0] – sx_{32}(imm_{16})$ \\ $r_{dst}.c \longleftarrow_{1} alu_{0}.c$ \\ $r_{dst}.v \longleftarrow_{1} alu_{0}.v$ \\ $r_{dst}.z \longleftarrow_{1} alu_{0}.z$ \\ $r_{dst}.n \longleftarrow_{1} alu_{0}.n$ \\"|"$r_{dst}.c$, $r_{dst}.v$, $r_{dst}.z$, $r_{dst}.n$ \\"|"$r_{dst}.n$ is implicit."|"IMM range: -32768:32767"|"dst range: 0:31; src range: 0:31"
"subui.w"|"rdst,rsrc,IMM"|"Substract unsigned immediate"|"Substract unsigned immediate from GPR"|"2"|"B"|"1"|"Arithmetic"|"1"|"10 0100 r\_src r\_dst iiiiiiiiiiiiiiii"|"$r_{dst}[31:0] \longleftarrow_{32} r_{src}[31:0] – x_{32}(imm_{16})$ \\ $r_{dst}.c \longleftarrow_{1} alu_{0}.c$ \\ $r_{dst}.v \longleftarrow_{1} alu_{0}.v$ \\ $r_{dst}.z \longleftarrow_{1} alu_{0}.z$ \\ $r_{dst}.n \longleftarrow_{1} alu_{0}.n$ \\"|"$r_{dst}.c$, $r_{dst}.v$, $r_{dst}.z$, $r_{dst}.n$ \\"|"$r_{dst}.n$ is implicit."|"IMM range: 0:65536"|"dst range: 0:31; src range: 0:31"
"load.b"|"rdst,DIS(rsrc)"|"Load byte"|"Load byte into GPR"|"2"|"C"|"0"|"Memory data transfer"|"1"|"10 0101 r\_src r\_dst dddddddddddddddd"|"$r_{dst} \longleftarrow_{32} sx_{32}(M[r_{src}+sx_{32}(dis16)][7:0])$ \\"|"$r_{dst}.n$ \\"|"$r_{dst}.n$ is implicit."|"DIS range: -32768:32767"|"dst range: 0:31; src range: 0:31"
"loadu.b"|"rdst,DIS(rsrc)"|"Load unsigned byte"|"Load unsigned byte into GPR"|"2"|"C"|"0"|"Memory data transfer"|"1"|"10 0110 r\_src r\_dst dddddddddddddddd "|"$r_{dst} \longleftarrow_{32} x_{32}(M[r_{src}+sx_{32}(dis16)][7:0])$ \\"|"$r_{dst}.n$ \\"|"$r_{dst}.n$ is implicit."|"DIS range: -32768:32767"|"dst range: 0:31; src range: 0:31"
"load.h"|"rdst,DIS(rsrc)"|"Load half word"|"Load half word into GPR"|"2"|"C"|"0"|"Memory data transfer"|"1"|"10 0111 r\_src r\_dst dddddddddddddddd"|"if ($r_{src} + sx_{32}(dis16) \% 2 == 0$) then \\ $\enspace r_{dst} \longleftarrow_{32} sx_{32}(M[r_{src} + sx_{32}(dis16)][15:0])$ \\ else \\ $\enspace cr[3] \longleftarrow_{1} 1$ \\ endif \\"|"if ($r_{src} + sx_{32}(dis16) \% 2 == 0$) then \\ $\enspace r_{dst}.n$ \\ else  \\ $\enspace cr[3]$ \\ endif \\"|"$r_{dst}.n$ is implicit."|"DIS range: -32768:32767"|"dst range: 0:31; src range: 0:31; address aligned to 2"
"loadu.h"|"rdst,DIS(rsrc)"|"Load unsigned half word"|"Load unsigned half word into GPR"|"2"|"C"|"0"|"Memory data transfer"|"1"|"10 1000 r\_src r\_dst dddddddddddddddd"|"if ($r_{src} + sx_{32}(dis16) \% 2 == 0$) then \\ $\enspace r_{dst} \longleftarrow_{32} x_{32}(M[r_{src} + sx_{32}(dis16)][15:0])$ \\ else \\ $\enspace cr[3] \longleftarrow_{1} 1$ \\ endif \\"|"if ($r_{src} + sx_{32}(dis16) \% 2 == 0$) then \\ $\enspace r_{dst}.n$ \\ else  \\ $\enspace cr[3]$ \\ endif \\"|"$r_{dst}.n$ is implicit."|"DIS range: -32768:32767"|"dst range: 0:31; src range: 0:31; address aligned to 2"
"load.w"|"rdst,DIS(rsrc)"|"Load word"|"Load word into GPR"|"2"|"C"|"0"|"Memory data transfer"|"1"|"10 1001 r\_src r\_dst dddddddddddddddd"|"if ($r_{src} + sx_{32}(dis16) \% 4 == 0$) then \\ $\enspace r_{dst} \longleftarrow_{32} M[r_{src} + sx_{32}(dis16)][31:0]$ \\ else \\ $\enspace cr[3] \longleftarrow_{1} 1$ \\ endif \\"|"if ($r_{src} + sx_{32}(dis16) \% 4 == 0$) then \\ $\enspace r_{dst}.n$ \\ else  \\ $\enspace cr[3]$ \\ endif \\"|"$r_{dst}.n$ is implicit."|"DIS range: -32768:32767"|"dst range: 0:31; src range: 0:31; address aligned to 4"
"load.f"|"fdst,DIS(rsrc)"|"Load float"|"Load float into FPR"|"2"|"C"|"0"|"Memory data transfer"|"1"|"10 1010 r\_src r\_dst dddddddddddddddd"|"if ($r_{src} + sx_{32}(dis16) \% 4 == 0$) then \\ $\enspace f_{dst} \longleftarrow_{32} M[r_{src} + sx_{32}(dis16)][31:0]$ \\ else \\ $\enspace cr[3] \longleftarrow_{1} 1$ \\ endif \\"|"if ($r_{src} + sx_{32}(dis16) \% 4 == 0$) then \\ $\enspace r_{dst}.n$ \\ else  \\ $\enspace cr[3]$ \\ endif \\"|"$f_{dst}.n$ is implicit."|"DIS range: -32768:32767"|"dst range: 0:31; src range: 0:31; address aligned to 4"
"store.b"|"rsrc1,DIS(rsrc2)"|"Store byte"|"Store byte from GPR"|"2"|"D"|"0"|"Memory data transfer"|"2"|"10 1011 rsrc1 rscr2 dddddddddddddddd"|"$M[r_{src} + sx_{32}(dis16)][7:0] \longleftarrow_{8} r_{dst}[7:0]$ \\"|"None \\"|"None."|"DIS range: -32768:32767"|"dst range: 0:31; src range: 0:31"
"store.h"|"rsrc1,DIS(rsrc2)"|"Sotre half word"|"Store half word from GPR"|"2"|"D"|"0"|"Memory data transfer"|"2"|"10 1100 rsrc1 rscr2 dddddddddddddddd"|"if ($r_{src} + sx_{32}(dis16) \% 2 == 0$ then \\ $\enspace M[r_{src} + sx_{32}(dis16)][15:0] \longleftarrow_{16} r_{dst}[15:0]$ \\ else \\ $\enspace cr[3] \longleftarrow_{1} 1$ \\ endif \\"|"if ($r_{src_{1}} + sx_{32}(dis16) \% 2 == 0$) then \\ None \\ else \\ $\enspace cr[3]$ \\ endif \\"|"None."|"DIS range: -32768:32767"|"dst range: 0:31; src range: 0:31; address aligned to 2"
"store.w"|"rsrc1,DIS(rsrc2)"|"Store word"|"Store word from GPR"|"2"|"D"|"0"|"Memory data transfer"|"2"|"10 1101 rsrc1 rscr2 dddddddddddddddd"|"if ($r_{src} + sx_{32}(dis16) \% 4 == 0$ then \\ $\enspace M[r_{src} + sx_{32}(dis16)][31:0] \longleftarrow_{32} r_{dst}[31:0]$ \\ else \\ $\enspace cr[3] \longleftarrow_{1} 1$ \\ endif \\"|"if ($r_{src_{1}} + sx_{32}(dis16) \% 4 == 0$) then \\ None \\ else \\ $\enspace cr[3]$ \\ endif \\"|"None."|"DIS range: -32768:32767"|"dst range: 0:31; src range: 0:31; address aligned to 4"
"store.f"|"fsrc,DIS(rsrc)"|"Store float"|"Store float from FPR"|"2"|"D"|"0"|"Memory data transfer"|"2"|"10 1110 rsrc1 rscr2 dddddddddddddddd"|"if ($r_{src} + sx_{32}(dis16) \% 4 == 0$ then \\ $\enspace M[r_{src} + sx_{32}(dis16)][31:0] \longleftarrow_{32} f_{dst}[31:0]$ \\ else \\ $\enspace cr[3] \longleftarrow_{1} 1$ \\ endif \\"|"if ($r_{src_{1}} + sx_{32}(dis16) \% 4 == 0$) then \\ None \\ else  \\ $\enspace cr[3]$ \\ endif \\"|"None."|"DIS range: -32768:32767"|"dst range: 0:31; src range: 0:31; address aligned to 4"
"movn2fg.g"|"rdst,rsrc,NIB"|"Move nibble to GPR flags"|"Move NIBth nibble of GPR to GPR flags"|"2"|"E"|"0"|"Register data transfer"|"1"|"10 1111 r\_src r\_dst 00 NNN uuuuuuuuuuu"|"$r_{dst}.c \# r_{dst}.v \# r_{dst}.z \# r_{dst}.n \longleftarrow_{4} r_{src}[4 * nib3 + 3:4 * nib3]$ \\"|"$r_{dst}.c$, $r_{dst}.v$, $r_{dst}.z$, $r_{dst}.n$ \\"|"None."|"NIB range: 0:7"|"dst range: 0:31; src range: 0:31"
"movfg2n.g"|"rdst,rsrc,NIB"|"Move GPR flags to nibble"|"Move GPR flags to NIBth nibble of GPR"|"2"|"E"|"0"|"Register data transfer"|"1"|"10 1111 r\_src r\_dst 01 NNN uuuuuuuuuuu"|"$r_{dst}[4 * nib3 + 3:4 * nib3] \longleftarrow_{4} r_{src}.c \# r_{src}.v \# r_{src}.z \# r_{src}.n$ \\"|"None \\"|"None."|"NIB range: 0:7"|"dst range: 0:31; src range: 0:31"
"movn2fg.f"|"fdst,rsrc,NIB"|"Move nibble to FPR flags"|"Move NIBth nibble of GPR to FPR flags"|"2"|"E"|"0"|"Register data transfer"|"1"|"10 1111 r\_src r\_dst 10 NNN uuuuuuuuuuu"|"$f_{dst}.a \# f_{dst}.i \# f_{dst}.z \# f_{dst}.n \longleftarrow_{4} r_{src}[4 * nib3 + 3:4 * nib3]$ \\"|"$f_{dst}.a$, $f_{dst}.i$, $f_{dst}.z$, $f_{dst}.n$ \\"|"None."|"NIB range: 0:7"|"dst range: 0:31; src range: 0:31"
"movfg2n.f"|"rdst,fsrc,NIB"|"Move FPR flags to nibble"|"Move FPR flags to NIBth nibble of GPR"|"2"|"E"|"0"|"Register data transfer"|"1"|"10 1111 r\_src r\_dst 11 NNN uuuuuuuuuuu"|"$r_{dst}[4 * nib3 + 3:4 * nib3] \longleftarrow_{4} f_{src}.a \# f_{src}.i \# f_{src}.z \# f_{src}.n$ \\"|"None \\"|"None."|"NIB range: 0:7"|"dst range: 0:31; src range: 0:31"
"add.w"|"rdst,rsrc1,rsrc2"|"Add GPR's"|"Add GPR with GPR and store in GPR"|"3"|"A"|"0"|"Arithmetic"|"2"|"11 uuuu rsrc1 r\_dst rsrc2 00 00000 uuuu"|"$r_{dst} \longleftarrow_{32} r_{src_{1}} + r_{src_{2}}$ \\ $r_{dst}.c \longleftarrow_{1} alu_{0}.c$ \\ $r_{dst}.v \longleftarrow_{1} alu_{0}.v$ \\ $r_{dst}.z \longleftarrow_{1} alu_{0}.z$ \\ $r_{dst}.n \longleftarrow_{1} alu_{0}.n$ \\"|"$r_{dst}.c$, $r_{dst}.v$, $r_{dst}.z$, $r_{dst}.n$ \\"|"$r_{dst}.n$ is implicit."|"None."|"dst range: 0:31; src1 range: 0:31; src2 range: 0:31"
"add.l"|"rdst,rsrc1,rsrc2"|"Add long GPR's"|"Add long GPR with long GPR and store in long GPR"|"3"|"A"|"0"|"Arithmetic"|"2"|"11 uuuu rsrc1 r\_dst rsrc2 01 00000 uuuu"|"if $(dst \enspace \% \enspace 2 == 0 \enspace \& \enspace src \enspace \% \enspace 2 == 0)$ then \\ $\enspace (r_{dst+1}\# r_{dst}) \longleftarrow_{64} (r_{src_{1}+1} \# r_{src_{1}}) + (r_{src_{2}+1} \# r_{src_{2}})$\\ $\enspace r_{dst+1}.c \longleftarrow_{1} alu_{1}.c$ \\ $\enspace r_{dst+1}.v \longleftarrow_{1} alu_{1}.v$ \\ $\enspace r_{dst+1}.z \longleftarrow_{1} alu_{1}.z$ \\ $\enspace r_{dst+1}.n \longleftarrow_{1} alu_{1}.n$ \\ $\enspace r_{dst}.c \longleftarrow_{1} alu_{0}.c$ \\ $\enspace r_{dst}.v \longleftarrow_{1} alu_{0}.v$ \\ $\enspace r_{dst}.z \longleftarrow_{1} alu_{0}.z$ \\ $\enspace r_{dst}.n \longleftarrow_{1} alu_{0}.n$ \\ else \\ $\enspace cr[4] \longleftarrow_{1} 1$ \\ endif \\"|"if $(dst \enspace \% \enspace 2 == 0 \enspace \& \enspace src \enspace \% \enspace 2 == 0)$ then \\ $\enspace r_{dst}.c$, $r_{dst}.v$, $r_{dst}.z$, $r_{dst}.n$, $r_{dst+1}.c$, $r_{dst+1}.v$, $r_{dst+1}.z$, $r_{dst+1}.n$ \\ else \\ $\enspace cr[4] \longleftarrow_{1} 1$ \\"|"$r_{dst}.n$ and $r_{dst+1}.n$ are implicit."|"None."|"dst range: 0:31 and even; src1 range: 0:31 and even; src2 range: 0:31 and even"
"add.f"|"fdst,fsrc1,fsrc2"|"Add FPR's"|"Add FPR with FPR and store in FPR"|"3"|"A"|"0"|"Arithmetic"|"2"|"11 uuuu rsrc1 r\_dst rsrc2 10 00000 uuuu"|"$f_{dst} \longleftarrow_{32} f_{src_{1}} + f_{src_{2}}$ \\ $f_{dst}.a \longleftarrow_{1} fpu_{0}.a$ \\ $f_{dst}.i \longleftarrow_{1} fpu_{0}.i$ \\ $f_{dst}.z \longleftarrow_{1} fpu_{0}.z$ \\ $f_{dst}.n \longleftarrow_{1} fpu_{0}.n$ \\"|"$f_{dst}.a$, $f_{dst}.i$, $f_{dst}.z$, $f_{dst}.n$ \\"|"$f_{dst}.n$ is implicit."|"None."|"dst range: 0:31; src1 range: 0:31; src2 range: 0:31"
"add.d"|"fdst,fsrc1,fsrc2"|"Add double FPR's"|"Add double FPR with double FPR and store in double FPR"|"3"|"A"|"0"|"Arithmetic"|"2"|"11 uuuu rsrc1 r\_dst rsrc2 11 00000 uuuu"|"if $(dst \enspace \% \enspace 2 == 0 \enspace \& \enspace src \enspace \% \enspace 2 == 0)$ then \\ $\enspace (f_{dst+1} \# f_{dst}) \longleftarrow_{64} (f_{src_{1}+1}\#f_{src_{1}}) + (f_{src_{2}+1}\#f_{src_{2}})$ \\ $\enspace f_{dst+1}.a \longleftarrow_{1} fpu_{1}.a$ \\ $\enspace f_{dst+1}.i \longleftarrow_{1} fpu_{1}.i$ \\ $\enspace f_{dst+1}.z \longleftarrow_{1} fpu_{1}.z$ \\ $\enspace f_{dst+1}.n \longleftarrow_{1} fpu_{1}.n$ \\ $\enspace f_{dst}.a \longleftarrow_{1} fpu_{0}.a$ \\ $\enspace f_{dst}.i \longleftarrow_{1} fpu_{0}.i$ \\ $\enspace f_{dst}.z \longleftarrow_{1} fpu_{0}.z$ \\ $\enspace f_{dst}.n \longleftarrow_{1} fpu_{0}.n$ \\ else \\ $\enspace cr[5] \longleftarrow_{1} 1$ \\ endif \\"|"if $(dst \enspace \% \enspace 2 == 0 \enspace \& \enspace src \enspace \% \enspace 2 == 0)$ then \\ $\enspace f_{dst}.a$, $f_{dst}.i$, $f_{dst}.z$, $f_{dst}.n$, $f_{dst+1}.a$, $f_{dst+1}.i$, $f_{dst+1}.z$, $f_{dst+1}.n$ \\ else \\ $\enspace cr[5] \longleftarrow_{1} 1$ \\"|"$f_{dst}.n$ and $f_{dst+1}.n$ are implicit."|"None."|"dst range: 0:31 and even; src1 range: 0:31 and even; src2 range: 0:31 and even"
"sub.w"|"rdst,rsrc1,rsrc2"|"Substract GPR's"|"Substract GPR from GPR and store in GPR"|"3"|"A"|"1"|"Arithmetic"|"3"|"11 uuuu rsrc1 r\_dst rsrc2 00 00001 uuuu"|"$r_{dst} \longleftarrow_{32} r_{src_{1}} - r_{src_{2}}$ \\ $r_{dst}.c \longleftarrow_{1} alu_{0}.c$ \\ $r_{dst}.v \longleftarrow_{1} alu_{0}.v$ \\ $r_{dst}.z \longleftarrow_{1} alu_{0}.z$ \\ $r_{dst}.n \longleftarrow_{1} alu_{0}.n$ \\"|"$r_{dst}.c$, $r_{dst}.v$, $r_{dst}.z$, $r_{dst}.n$ \\"|"$r_{dst}.n$ is implicit."|"None."|"dst range: 0:31; src1 range: 0:31; src2 range: 0:31"
"sub.l"|"rdst,rsrc1,rsrc2"|"Substract long GPR's"|"Substract GPR long from long GPR and store in long GPR"|"3"|"A"|"1"|"Arithmetic"|"3"|"11 uuuu rsrc1 r\_dst rsrc2 01 00001 uuuu"|"if $(dst \enspace \% \enspace 2 == 0 \enspace \& \enspace src \enspace \% \enspace 2 == 0)$ then \\ $\enspace (r_{dst+1}\# r_{dst}) \longleftarrow_{64} (r_{src_{1}+1} \# r_{src_{1}}) - (r_{src_{2}+1} \# r_{src_{2}})$\\ $\enspace r_{dst+1}.c \longleftarrow_{1} alu_{1}.c$ \\ $\enspace r_{dst+1}.v \longleftarrow_{1} alu_{1}.v$ \\ $\enspace r_{dst+1}.z \longleftarrow_{1} alu_{1}.z$ \\ $\enspace r_{dst+1}.n \longleftarrow_{1} alu_{1}.n$ \\ $\enspace r_{dst}.c \longleftarrow_{1} alu_{0}.c$ \\ $\enspace r_{dst}.v \longleftarrow_{1} alu_{0}.v$ \\ $\enspace r_{dst}.z \longleftarrow_{1} alu_{0}.z$ \\ $\enspace r_{dst}.n \longleftarrow_{1} alu_{0}.n$ \\ else \\ $\enspace cr[4] \longleftarrow_{1} 1$ \\ endif \\"|"if $(dst \enspace \% \enspace 2 == 0 \enspace \& \enspace src \enspace \% \enspace 2 == 0)$ then \\ $\enspace r_{dst}.c$, $r_{dst}.v$, $r_{dst}.z$, $r_{dst}.n$, $r_{dst+1}.c$, $r_{dst+1}.v$, $r_{dst+1}.z$, $r_{dst+1}.n$ \\ else \\ $\enspace cr[4] \longleftarrow_{1} 1$ \\"|"$r_{dst}.n$ and $r_{dst+1}.n$ are implicit."|"None."|"dst range: 0:31 and even; src1 range: 0:31 and even; src2 range: 0:31 and even"
"sub.f"|"fdst,fsrc1,fsrc2"|"Substract FPR's"|"Substract FPR from FPR and store in FPR"|"3"|"A"|"1"|"Arithmetic"|"3"|"11 uuuu rsrc1 r\_dst rsrc2 10 00001 uuuu"|"$f_{dst} \longleftarrow_{32} f_{src_{1}} - f_{src_{2}}$ \\ $f_{dst}.a \longleftarrow_{1} fpu_{0}.a$ \\ $f_{dst}.i \longleftarrow_{1} fpu_{0}.i$ \\ $f_{dst}.z \longleftarrow_{1} fpu_{0}.z$ \\ $f_{dst}.n \longleftarrow_{1} fpu_{0}.n$ \\"|"$f_{dst}.a$, $f_{dst}.i$, $f_{dst}.z$, $f_{dst}.n$ \\"|"$f_{dst}.n$ is implicit."|"None."|"dst range: 0:31; src1 range: 0:31; src2 range: 0:31"
"sub.d"|"fdst,fsrc1,fsrc2"|"Substract double FPR's"|"Substract double FPR from double FPR and store in double FPR"|"3"|"A"|"1"|"Arithmetic"|"3"|"11 uuuu rsrc1 r\_dst rsrc2 11 00001 uuuu"|"if $(dst \enspace \% \enspace 2 == 0 \enspace \& \enspace src \enspace \% \enspace 2 == 0)$ then \\ $\enspace (f_{dst+1} \# f_{dst}) \longleftarrow_{64} (f_{src_{1}+1}\#f_{src_{1}}) - (f_{src_{2}+1}\#f_{src_{2}})$ \\ $\enspace f_{dst+1}.a \longleftarrow_{1} fpu_{1}.a$ \\ $\enspace f_{dst+1}.i \longleftarrow_{1} fpu_{1}.i$ \\ $\enspace f_{dst+1}.z \longleftarrow_{1} fpu_{1}.z$ \\ $\enspace f_{dst+1}.n \longleftarrow_{1} fpu_{1}.n$ \\ $\enspace f_{dst}.a \longleftarrow_{1} fpu_{0}.a$ \\ $\enspace f_{dst}.i \longleftarrow_{1} fpu_{0}.i$ \\ $\enspace f_{dst}.z \longleftarrow_{1} fpu_{0}.z$ \\ $\enspace f_{dst}.n \longleftarrow_{1} fpu_{0}.n$ \\ else \\ $\enspace cr[5] \longleftarrow_{1} 1$ \\ endif \\"|"if $(dst \enspace \% \enspace 2 == 0 \enspace \& \enspace src \enspace \% \enspace 2 == 0)$ then \\ $\enspace f_{dst}.a$, $f_{dst}.i$, $f_{dst}.z$, $f_{dst}.n$, $f_{dst+1}.a$, $f_{dst+1}.i$, $f_{dst+1}.z$, $f_{dst+1}.n$ \\ else \\ $\enspace cr[5] \longleftarrow_{1} 1$ \\"|"$f_{dst}.n$ and $f_{dst+1}.n$ are implicit."|"None."|"dst range: 0:31 and even; src1 range: 0:31 and even; src2 range: 0:31 and even"
"mult.w"|"rdst,rsrc1,rsrc2"|"Multiply GPR's"|"Multiply GPR by GPR and store in GPR"|"3"|"A"|"2"|"Arithmetic"|"4"|"11 uuuu rsrc1 r\_dst rsrc2 00 00010 uuuu"|"$r_{dst} \longleftarrow_{32} r_{src_{1}} * r_{src_{2}}$ \\ $r_{dst}.c \longleftarrow_{1} alu_{0}.c$ \\ $r_{dst}.v \longleftarrow_{1} alu_{0}.v$ \\ $r_{dst}.z \longleftarrow_{1} alu_{0}.z$ \\ $r_{dst}.n \longleftarrow_{1} alu_{0}.n$ \\"|"$r_{dst}.c$, $r_{dst}.v$, $r_{dst}.z$, $r_{dst}.n$ \\"|"$r_{dst}.n$ is implicit."|"None."|"dst range: 0:31; src1 range: 0:31; src2 range: 0:31"
"mult.l"|"rdst,rsrc1,rsrc2"|"Multiply GPR's into long GPR"|"Multiply GPR by GPR and store in long GPR"|"3"|"A"|"2"|"Arithmetic"|"4"|"11 uuuu rsrc1 r\_dst rsrc2 01 00010 uuuu"|"if $(dst \enspace \% \enspace 2 == 0 \enspace \& \enspace src \enspace \% \enspace 2 == 0)$ then \\ $\enspace (r_{dst+1}\# r_{dst}) \longleftarrow_{64} (r_{src_{1}+1} \# r_{src_{1}}) * (r_{src_{2}+1} \# r_{src_{2}})$\\ $\enspace r_{dst+1}.c \longleftarrow_{1} alu_{1}.c$ \\ $\enspace r_{dst+1}.v \longleftarrow_{1} alu_{1}.v$ \\ $\enspace r_{dst+1}.z \longleftarrow_{1} alu_{1}.z$ \\ $\enspace r_{dst+1}.n \longleftarrow_{1} alu_{1}.n$ \\ $\enspace r_{dst}.c \longleftarrow_{1} alu_{0}.c$ \\ $\enspace r_{dst}.v \longleftarrow_{1} alu_{0}.v$ \\ $\enspace r_{dst}.z \longleftarrow_{1} alu_{0}.z$ \\ $\enspace r_{dst}.n \longleftarrow_{1} alu_{0}.n$ \\ else \\ $\enspace cr[4] \longleftarrow_{1} 1$ \\ endif \\"|"if $(dst \enspace \% \enspace 2 == 0 \enspace \& \enspace src \enspace \% \enspace 2 == 0)$ then \\ $\enspace r_{dst}.c$, $r_{dst}.v$, $r_{dst}.z$, $r_{dst}.n$, $r_{dst+1}.c$, $r_{dst+1}.v$, $r_{dst+1}.z$, $r_{dst+1}.n$ \\ else \\ $\enspace cr[4] \longleftarrow_{1} 1$ \\"|"$r_{dst}.n$ and $r_{dst+1}.n$ are implicit."|"None."|"dst range: 0:31 ; src1 range: 0:31; src2 range: 0:31"
"mult.f"|"fdst,fsrc1,fsrc2"|"Multiply FPR's"|"Multiply FPR by FPR and store in FPR"|"3"|"A"|"2"|"Arithmetic"|"4"|"11 uuuu rsrc1 r\_dst rsrc2 10 00010 uuuu"|"$f_{dst} \longleftarrow_{32} f_{src_{1}} * f_{src_{2}}$ \\ $f_{dst}.a \longleftarrow_{1} fpu_{0}.a$ \\ $f_{dst}.i \longleftarrow_{1} fpu_{0}.i$ \\ $f_{dst}.z \longleftarrow_{1} fpu_{0}.z$ \\ $f_{dst}.n \longleftarrow_{1} fpu_{0}.n$ \\"|"$f_{dst}.a$, $f_{dst}.i$, $f_{dst}.z$, $f_{dst}.n$ \\"|"$f_{dst}.n$ is implicit."|"None."|"dst range: 0:31; src1 range: 0:31; src2 range: 0:31"
"mult.d"|"fdst,fsrc1,fsrc2"|"Multiply double FPR's"|"Multiply double FPR by double FPR and store in double FPR"|"3"|"A"|"2"|"Arithmetic"|"4"|"11 uuuu rsrc1 r\_dst rsrc2 11 00010 uuuu"|"if $(dst \enspace \% \enspace 2 == 0 \enspace \& \enspace src \enspace \% \enspace 2 == 0)$ then \\ $\enspace (f_{dst+1} \# f_{dst}) \longleftarrow_{64} (f_{src_{1}+1}\#f_{src_{1}}) * (f_{src_{2}+1}\#f_{src_{2}})$ \\ $\enspace f_{dst+1}.a \longleftarrow_{1} fpu_{1}.a$ \\ $\enspace f_{dst+1}.i \longleftarrow_{1} fpu_{1}.i$ \\ $\enspace f_{dst+1}.z \longleftarrow_{1} fpu_{1}.z$ \\ $\enspace f_{dst+1}.n \longleftarrow_{1} fpu_{1}.n$ \\ $\enspace f_{dst}.a \longleftarrow_{1} fpu_{0}.a$ \\ $\enspace f_{dst}.i \longleftarrow_{1} fpu_{0}.i$ \\ $\enspace f_{dst}.z \longleftarrow_{1} fpu_{0}.z$ \\ $\enspace f_{dst}.n \longleftarrow_{1} fpu_{0}.n$ \\ else \\ $\enspace cr[5] \longleftarrow_{1} 1$ \\ endif \\"|"if $(dst \enspace \% \enspace 2 == 0 \enspace \& \enspace src \enspace \% \enspace 2 == 0)$ then \\ $\enspace f_{dst}.a$, $f_{dst}.i$, $f_{dst}.z$, $f_{dst}.n$, $f_{dst+1}.a$, $f_{dst+1}.i$, $f_{dst+1}.z$, $f_{dst+1}.n$ \\ else \\ $\enspace cr[5] \longleftarrow_{1} 1$ \\"|"$f_{dst}.n$ and $f_{dst+1}.n$ are implicit."|"None."|"dst range: 0:31 and even; src1 range: 0:31 and even; src2 range: 0:31 and even"
"div.w"|"rdst,rsrc1,rsrc2"|"Divide GPR's"|"Divide GPR by GPR and store in GPR"|"3"|"A"|"3"|"Arithmetic"|"5"|"11 uuuu rsrc1 r\_dst rsrc2 00 00011 uuuu"|"$r_{dst} \longleftarrow_{32} r_{src_{1}} / r_{src_{2}}$ \\ $r_{dst}.c \longleftarrow_{1} alu_{0}.c$ \\ $r_{dst}.v \longleftarrow_{1} alu_{0}.v$ \\ $r_{dst}.z \longleftarrow_{1} alu_{0}.z$ \\ $r_{dst}.n \longleftarrow_{1} alu_{0}.n$ \\"|"$r_{dst}.c$, $r_{dst}.v$, $r_{dst}.z$, $r_{dst}.n$ \\"|"$r_{dst}.n$ is implicit."|"None."|"dst range: 0:31; src1 range: 0:31; src2 range: 0:31"
"div.l"|"rdst,rsrc1,rsrc2"|"Divide long GPR's"|"Divide long GPR by long GPR and store in long GPR"|"3"|"A"|"3"|"Arithmetic"|"5"|"11 uuuu rsrc1 r\_dst rsrc2 01 00011 uuuu"|"if $(dst \enspace \% \enspace 2 == 0 \enspace \& \enspace src \enspace \% \enspace 2 == 0)$ then \\ $\enspace (r_{dst+1}\# r_{dst}) \longleftarrow_{64} (r_{src_{1}+1} \# r_{src_{1}}) / (r_{src_{2}+1} \# r_{src_{2}})$\\ $\enspace r_{dst+1}.c \longleftarrow_{1} alu_{1}.c$ \\ $\enspace r_{dst+1}.v \longleftarrow_{1} alu_{1}.v$ \\ $\enspace r_{dst+1}.z \longleftarrow_{1} alu_{1}.z$ \\ $\enspace r_{dst+1}.n \longleftarrow_{1} alu_{1}.n$ \\ $\enspace r_{dst}.c \longleftarrow_{1} alu_{0}.c$ \\ $\enspace r_{dst}.v \longleftarrow_{1} alu_{0}.v$ \\ $\enspace r_{dst}.z \longleftarrow_{1} alu_{0}.z$ \\ $\enspace r_{dst}.n \longleftarrow_{1} alu_{0}.n$ \\ else \\ $\enspace cr[4] \longleftarrow_{1} 1$ \\ endif \\"|"if $(dst \enspace \% \enspace 2 == 0 \enspace \& \enspace src \enspace \% \enspace 2 == 0)$ then \\ $\enspace r_{dst}.c$, $r_{dst}.v$, $r_{dst}.z$, $r_{dst}.n$, $r_{dst+1}.c$, $r_{dst+1}.v$, $r_{dst+1}.z$, $r_{dst+1}.n$ \\ else \\ $\enspace cr[4] \longleftarrow_{1} 1$ \\"|"$r_{dst}.n$ and $r_{dst+1}.n$ are implicit."|"None."|"dst range: 0:31 and even; src1 range: 0:31 and even; src2 range: 0:31 and even"
"div.f"|"fdst,fsrc1,fsrc2"|"Divide FPR's"|"right arithmetical"|"3"|"A"|"3"|"Arithmetic"|"5"|"11 uuuu rsrc1 r\_dst rsrc2 10 00011 uuuu"|"$f_{dst} \longleftarrow_{32} f_{src_{1}} / f_{src_{2}}$ \\ $f_{dst}.a \longleftarrow_{1} fpu_{0}.a$ \\ $f_{dst}.i \longleftarrow_{1} fpu_{0}.i$ \\ $f_{dst}.z \longleftarrow_{1} fpu_{0}.z$ \\ $f_{dst}.n \longleftarrow_{1} fpu_{0}.n$ \\"|"$f_{dst}.a$, $f_{dst}.i$, $f_{dst}.z$, $f_{dst}.n$ \\"|"$f_{dst}.n$ is implicit."|"None."|"dst range: 0:31; src1 range: 0:31; src2 range: 0:31"
"div.d"|"fdst,fsrc1,fsrc2"|"Divide double FPR's"|"Divide double FPR by double FPR and store in double FPR"|"3"|"A"|"3"|"Arithmetic"|"5"|"11 uuuu rsrc1 r\_dst rsrc2 11 00011 uuuu"|"if $(dst \enspace \% \enspace 2 == 0 \enspace \& \enspace src \enspace \% \enspace 2 == 0)$ then \\ $\enspace (f_{dst+1} \# f_{dst}) \longleftarrow_{64} (f_{src_{1}+1}\#f_{src_{1}}) / (f_{src_{2}+1}\#f_{src_{2}})$ \\ $\enspace f_{dst+1}.a \longleftarrow_{1} fpu_{1}.a$ \\ $\enspace f_{dst+1}.i \longleftarrow_{1} fpu_{1}.i$ \\ $\enspace f_{dst+1}.z \longleftarrow_{1} fpu_{1}.z$ \\ $\enspace f_{dst+1}.n \longleftarrow_{1} fpu_{1}.n$ \\ $\enspace f_{dst}.a \longleftarrow_{1} fpu_{0}.a$ \\ $\enspace f_{dst}.i \longleftarrow_{1} fpu_{0}.i$ \\ $\enspace f_{dst}.z \longleftarrow_{1} fpu_{0}.z$ \\ $\enspace f_{dst}.n \longleftarrow_{1} fpu_{0}.n$ \\ else \\ $\enspace cr[5] \longleftarrow_{1} 1$ \\ endif \\"|"if $(dst \enspace \% \enspace 2 == 0 \enspace \& \enspace src \enspace \% \enspace 2 == 0)$ then \\ $\enspace f_{dst}.a$, $f_{dst}.i$, $f_{dst}.z$, $f_{dst}.n$, $f_{dst+1}.a$, $f_{dst+1}.i$, $f_{dst+1}.z$, $f_{dst+1}.n$ \\ else \\ $\enspace cr[5] \longleftarrow_{1} 1$ \\"|"$f_{dst}.n$ and $f_{dst+1}.n$ are implicit."|"None."|"dst range: 0:31 and even; src1 range: 0:31 and even; src2 range: 0:31 and even"
"rem.w"|"rdst,rsrc1,rsrc2"|"Remainder of GPR's"|"Divide GPR by GPR and store remainder in GPR"|"3"|"A"|"4"|"Arithmetic"|"6"|"11 uuuu rsrc1 r\_dst rsrc2 00 00100 uuuu"|"$r_{dst} \longleftarrow_{32} r_{src_{1}} \% r_{src_{2}}$ \\ $r_{dst}.c \longleftarrow_{1} alu_{0}.c$ \\ $r_{dst}.v \longleftarrow_{1} alu_{0}.v$ \\ $r_{dst}.z \longleftarrow_{1} alu_{0}.z$ \\ $r_{dst}.n \longleftarrow_{1} alu_{0}.n$ \\"|"$r_{dst}.c$, $r_{dst}.v$, $r_{dst}.z$, $r_{dst}.n$ \\"|"$r_{dst}.n$ is implicit."|"None."|"dst range: 0:31; src1 range: 0:31; src2 range: 0:31"
"rem.l"|"rdst,rsrc1,rsrc2"|"Remainder of long GPR's"|"Divide long GPR by long GPR and store remainder in long GPR"|"3"|"A"|"4"|"Arithmetic"|"6"|"11 uuuu rsrc1 r\_dst rsrc2 01 00100 uuuu"|"if $(dst \enspace \% \enspace 2 == 0 \enspace \& \enspace src \enspace \% \enspace 2 == 0)$ then \\ $\enspace (r_{dst+1}\# r_{dst}) \longleftarrow_{64} (r_{src_{1}+1} \# r_{src_{1}}) \% (r_{src_{2}+1} \# r_{src_{2}})$\\ $\enspace r_{dst+1}.c \longleftarrow_{1} alu_{1}.c$ \\ $\enspace r_{dst+1}.v \longleftarrow_{1} alu_{1}.v$ \\ $\enspace r_{dst+1}.z \longleftarrow_{1} alu_{1}.z$ \\ $\enspace r_{dst+1}.n \longleftarrow_{1} alu_{1}.n$ \\ $\enspace r_{dst}.c \longleftarrow_{1} alu_{0}.c$ \\ $\enspace r_{dst}.v \longleftarrow_{1} alu_{0}.v$ \\ $\enspace r_{dst}.z \longleftarrow_{1} alu_{0}.z$ \\ $\enspace r_{dst}.n \longleftarrow_{1} alu_{0}.n$ \\ else \\ $\enspace cr[4] \longleftarrow_{1} 1$ \\ endif \\"|"if $(dst \enspace \% \enspace 2 == 0 \enspace \& \enspace src \enspace \% \enspace 2 == 0)$ then \\ $\enspace r_{dst}.c$, $r_{dst}.v$, $r_{dst}.z$, $r_{dst}.n$, $r_{dst+1}.c$, $r_{dst+1}.v$, $r_{dst+1}.z$, $r_{dst+1}.n$ \\ else \\ $\enspace cr[4] \longleftarrow_{1} 1$ \\"|"$r_{dst}.n$ and $r_{dst+1}.n$ are implicit."|"None."|"dst range: 0:31 and even; src1 range: 0:31 and even; src2 range: 0:31 and even"
"and.w"|"rdst,rsrc1,rsrc2"|"And GPR's"|"Bitwise and of GPR's"|"3"|"A"|"5"|"Logic"|"1"|"11 uuuu rsrc1 r\_dst rsrc2 00 00101 uuuu"|"$r_{dst} \longleftarrow_{32} r_{src_{1}} \& r_{src_{2}}$ \\ $r_{dst}.c \longleftarrow_{1} alu_{0}.c$ \\ $r_{dst}.v \longleftarrow_{1} alu_{0}.v$ \\ $r_{dst}.z \longleftarrow_{1} alu_{0}.z$ \\ $r_{dst}.n \longleftarrow_{1} alu_{0}.n$ \\"|"$r_{dst}.c$, $r_{dst}.v$, $r_{dst}.z$, $r_{dst}.n$ \\"|"$r_{dst}.n$ is implicit."|"None."|"dst range: 0:31; src1 range: 0:31; src2 range: 0:31"
"and.l"|"rdst,rsrc1,rsrc2"|"And long GPR's"|"Bitwise and of long GPR's"|"3"|"A"|"5"|"Logic"|"1"|"11 uuuu rsrc1 r\_dst rsrc2 01 00101 uuuu"|"if $(dst \enspace \% \enspace 2 == 0 \enspace \& \enspace src \enspace \% \enspace 2 == 0)$ then \\ $\enspace (r_{dst+1}\# r_{dst}) \longleftarrow_{64} (r_{src_{1}+1} \# r_{src_{1}}) \& (r_{src_{2}+1} \# r_{src_{2}})$\\ $\enspace r_{dst+1}.c \longleftarrow_{1} alu_{1}.c$ \\ $\enspace r_{dst+1}.v \longleftarrow_{1} alu_{1}.v$ \\ $\enspace r_{dst+1}.z \longleftarrow_{1} alu_{1}.z$ \\ $\enspace r_{dst+1}.n \longleftarrow_{1} alu_{1}.n$ \\ $\enspace r_{dst}.c \longleftarrow_{1} alu_{0}.c$ \\ $\enspace r_{dst}.v \longleftarrow_{1} alu_{0}.v$ \\ $\enspace r_{dst}.z \longleftarrow_{1} alu_{0}.z$ \\ $\enspace r_{dst}.n \longleftarrow_{1} alu_{0}.n$ \\ else \\ $\enspace cr[4] \longleftarrow_{1} 1$ \\ endif \\"|"if $(dst \enspace \% \enspace 2 == 0 \enspace \& \enspace src \enspace \% \enspace 2 == 0)$ then \\ $\enspace r_{dst}.c$, $r_{dst}.v$, $r_{dst}.z$, $r_{dst}.n$, $r_{dst+1}.c$, $r_{dst+1}.v$, $r_{dst+1}.z$, $r_{dst+1}.n$ \\ else \\ $\enspace cr[4] \longleftarrow_{1} 1$ \\"|"$r_{dst}.n$ and $r_{dst+1}.n$ are implicit."|"None."|"dst range: 0:31 and even; src1 range: 0:31 and even; src2 range: 0:31 and even"
"or.w"|"rdst,rsrc1,rsrc2"|"Or GPR's"|"Bitwise or of GPR's"|"3"|"A"|"6"|"Logic"|"2"|"11 uuuu rsrc1 r\_dst rsrc2 00 00110 uuuu"|"$r_{dst} \longleftarrow_{32} r_{src_{1}} | r_{src_{2}}$ \\ $r_{dst}.c \longleftarrow_{1} alu_{0}.c$ \\ $r_{dst}.v \longleftarrow_{1} alu_{0}.v$ \\ $r_{dst}.z \longleftarrow_{1} alu_{0}.z$ \\ $r_{dst}.n \longleftarrow_{1} alu_{0}.n$ \\"|"$r_{dst}.c$, $r_{dst}.v$, $r_{dst}.z$, $r_{dst}.n$ \\"|"$r_{dst}.n$ is implicit."|"None."|"dst range: 0:31; src1 range: 0:31; src2 range: 0:31"
"or.l"|"rdst,rsrc1,rsrc2"|"Or long GPR's"|"Bitwise or of long GPR's"|"3"|"A"|"6"|"Logic"|"2"|"11 uuuu rsrc1 r\_dst rsrc2 01 00110 uuuu"|"if $(dst \enspace \% \enspace 2 == 0 \enspace \& \enspace src \enspace \% \enspace 2 == 0)$ then \\ $\enspace (r_{dst+1}\# r_{dst}) \longleftarrow_{64} (r_{src_{1}+1} \# r_{src_{1}}) | (r_{src_{2}+1} \# r_{src_{2}})$\\ $\enspace r_{dst+1}.c \longleftarrow_{1} alu_{1}.c$ \\ $\enspace r_{dst+1}.v \longleftarrow_{1} alu_{1}.v$ \\ $\enspace r_{dst+1}.z \longleftarrow_{1} alu_{1}.z$ \\ $\enspace r_{dst+1}.n \longleftarrow_{1} alu_{1}.n$ \\ $\enspace r_{dst}.c \longleftarrow_{1} alu_{0}.c$ \\ $\enspace r_{dst}.v \longleftarrow_{1} alu_{0}.v$ \\ $\enspace r_{dst}.z \longleftarrow_{1} alu_{0}.z$ \\ $\enspace r_{dst}.n \longleftarrow_{1} alu_{0}.n$ \\ else \\ $\enspace cr[4] \longleftarrow_{1} 1$ \\ endif \\"|"if $(dst \enspace \% \enspace 2 == 0 \enspace \& \enspace src \enspace \% \enspace 2 == 0)$ then \\ $\enspace r_{dst}.c$, $r_{dst}.v$, $r_{dst}.z$, $r_{dst}.n$, $r_{dst+1}.c$, $r_{dst+1}.v$, $r_{dst+1}.z$, $r_{dst+1}.n$ \\ else \\ $\enspace cr[4] \longleftarrow_{1} 1$ \\"|"$r_{dst}.n$ and $r_{dst+1}.n$ are implicit."|"None."|"dst range: 0:31 and even; src1 range: 0:31 and even; src2 range: 0:31 and even"
"xor.w"|"rdst,rsrc1,rsrc2"|"Xor GPR's"|"Bitwise xor of GPR's"|"3"|"A"|"7"|"Logic"|"3"|"11 uuuu rsrc1 r\_dst rsrc2 00 00111 uuuu"|"$r_{dst} \longleftarrow_{32} r_{src_{1}} \hat{} r_{src_{2}}$ \\ $r_{dst}.c \longleftarrow_{1} alu_{0}.c$ \\ $r_{dst}.v \longleftarrow_{1} alu_{0}.v$ \\ $r_{dst}.z \longleftarrow_{1} alu_{0}.z$ \\ $r_{dst}.n \longleftarrow_{1} alu_{0}.n$ \\"|"$r_{dst}.c$, $r_{dst}.v$, $r_{dst}.z$, $r_{dst}.n$ \\"|"$r_{dst}.n$ is implicit."|"None."|"dst range: 0:31; src1 range: 0:31; src2 range: 0:31"
"xor.l"|"rdst,rsrc1,rsrc2"|"Xor long GPR's"|"Bitwise xor of long GPR's"|"3"|"A"|"7"|"Logic"|"3"|"11 uuuu rsrc1 r\_dst rsrc2 01 00111 uuuu"|"if $(dst \enspace \% \enspace 2 == 0 \enspace \& \enspace src \enspace \% \enspace 2 == 0)$ then \\ $\enspace (r_{dst+1}\# r_{dst}) \longleftarrow_{64} (r_{src_{1}+1} \# r_{src_{1}}) \hat{} (r_{src_{2}+1} \# r_{src_{2}})$\\ $\enspace r_{dst+1}.c \longleftarrow_{1} alu_{1}.c$ \\ $\enspace r_{dst+1}.v \longleftarrow_{1} alu_{1}.v$ \\ $\enspace r_{dst+1}.z \longleftarrow_{1} alu_{1}.z$ \\ $\enspace r_{dst+1}.n \longleftarrow_{1} alu_{1}.n$ \\ $\enspace r_{dst}.c \longleftarrow_{1} alu_{0}.c$ \\ $\enspace r_{dst}.v \longleftarrow_{1} alu_{0}.v$ \\ $\enspace r_{dst}.z \longleftarrow_{1} alu_{0}.z$ \\ $\enspace r_{dst}.n \longleftarrow_{1} alu_{0}.n$ \\ else \\ $\enspace cr[4] \longleftarrow_{1} 1$ \\ endif \\"|"if $(dst \enspace \% \enspace 2 == 0 \enspace \& \enspace src \enspace \% \enspace 2 == 0)$ then \\ $\enspace r_{dst}.c$, $r_{dst}.v$, $r_{dst}.z$, $r_{dst}.n$, $r_{dst+1}.c$, $r_{dst+1}.v$, $r_{dst+1}.z$, $r_{dst+1}.n$ \\ else \\ $\enspace cr[4] \longleftarrow_{1} 1$ \\"|"$r_{dst}.n$ and $r_{dst+1}.n$ are implicit."|"None."|"dst range: 0:31 and even; src1 range: 0:31 and even; src2 range: 0:31 and even"
"rl.w"|"rdst,rsrc1,rsrc2"|"Rotate left GPR"|"Rotate left GPR by GPR and store in GPR"|"3"|"A"|"8"|"Arithmetic"|"7"|"11 uuuu rsrc1 r\_dst rsrc2 00 01000 uuuu"|"$r_{dst} \longleftarrow_{32} (r_{src_{1}}[32-U_{5}(r_{src_{2}}[4:0]):0] \# r_{src_{1}}[31:32-U_{5}(r_{src_{2}}[4:0])])$\\ $r_{dst}.c \longleftarrow_{1} alu_{0}.c$ \\ $r_{dst}.v \longleftarrow_{1} alu_{0}.v$ \\ $r_{dst}.z \longleftarrow_{1} alu_{0}.z$ \\ $r_{dst}.n \longleftarrow_{1} alu_{0}.n$ \\"|"$r_{dst}.c$, $r_{dst}.v$, $r_{dst}.z$, $r_{dst}.n$ \\"|"$r_{dst}.n$ is implicit."|"None."|"dst range: 0:31; src1 range: 0:31; src2 range: 0:31"
"rl.l"|"rdst,rsrc1,rsrc2"|"Rotate left long GPR"|"Rotate left long GPR by long GPR and store in long GPR"|"3"|"A"|"8"|"Arithmetic"|"7"|"11 uuuu rsrc1 r\_dst rsrc2 01 01000 uuuu"|"if $(dst \enspace \% \enspace 2 == 0 \enspace \& \enspace src \enspace \% \enspace 2 == 0)$ then \\ $\enspace (r_{dst+1} \# r_{dst}) \longleftarrow_{64} ((r_{src_{1}+1} \# r_{src_{1}}) [64-U_{6}(r_{src_{2}}[5:0]):0] \# (r_{src_{1}+1} \# r_{src_{1}})[63:64-U_{6}(r_{src_{2}}[5:0])])$ \\ $\enspace r_{dst+1}.c \longleftarrow_{1} alu_{1}.c$ \\ $\enspace r_{dst+1}.v \longleftarrow_{1} alu_{1}.v$ \\ $\enspace r_{dst+1}.z \longleftarrow_{1} alu_{1}.z$ \\ $\enspace r_{dst+1}.n \longleftarrow_{1} alu_{1}.n$ \\ $\enspace r_{dst}.c \longleftarrow_{1} alu_{0}.c$ \\ $\enspace r_{dst}.v \longleftarrow_{1} alu_{0}.v$ \\ $\enspace r_{dst}.z \longleftarrow_{1} alu_{0}.z$ \\ $\enspace r_{dst}.n \longleftarrow_{1} alu_{0}.n$ \\ else \\ $\enspace cr[4] \longleftarrow_{1} 1$ \\ endif \\"|"if $(dst \enspace \% \enspace 2 == 0 \enspace \& \enspace src \enspace \% \enspace 2 == 0)$ then \\ $\enspace r_{dst}.c$, $r_{dst}.v$, $r_{dst}.z$, $r_{dst}.n$, $r_{dst+1}.c$, $r_{dst+1}.v$, $r_{dst+1}.z$, $r_{dst+1}.n$ \\ else \\ $\enspace cr[4] \longleftarrow_{1} 1$ \\"|"$r_{dst}.n$ and $r_{dst+1}.n$ are implicit."|"None."|"dst range: 0:31 and even; src1 range: 0:31 and even; src2 range: 0:31 and even"
"rr.w"|"rdst,rsrc1,rsrc2"|"Rotate right GPR"|"Rotate right GPR by GPR and store in GPR"|"3"|"A"|"9"|"Arithmetic"|"8"|"11 uuuu rsrc1 r\_dst rsrc2 00 01001 uuuu"|"$r_{dst} \longleftarrow_{32} (r_{src_{1}}[U_5(r_{src_{2}}[4:0])-1:0] \# r_{src_{1}}[31:U_{5}(r_{src_{2}}[4:0]):0])$ \\ $r_{dst}.c \longleftarrow_{1} alu_{0}.c$ \\ $r_{dst}.v \longleftarrow_{1} alu_{0}.v$ \\ $r_{dst}.z \longleftarrow_{1} alu_{0}.z$ \\ $r_{dst}.n \longleftarrow_{1} alu_{0}.n$ \\"|"$r_{dst}.c$, $r_{dst}.v$, $r_{dst}.z$, $r_{dst}.n$ \\"|"$r_{dst}.n$ is implicit."|"None."|"dst range: 0:31; src1 range: 0:31; src2 range: 0:31"
"rr.l"|"rdst,rsrc1,rsrc2"|"Rotate right long GPR"|"Rotate right long GPR by long GPR and store in long GPR"|"3"|"A"|"9"|"Arithmetic"|"8"|"11 uuuu rsrc1 r\_dst rsrc2 01 01001 uuuu"|"if $(dst \enspace \% \enspace 2 == 0 \enspace \& \enspace src \enspace \% \enspace 2 == 0)$ then \\ $\enspace (r_{dst+1} \# r_{dst}) \longleftarrow_{64} ((r_{src_{1}+1} \# r_{src_{1}}) [U_{6}(r_{src_{2}}[5:0])-1:0] \# (r_{src_{1}+1}\#r_{src_{1}})[63:U_{6}(r_{src_{2}}[5:0])])$ \\ $\enspace r_{dst+1}.c \longleftarrow_{1} alu_{1}.c$ \\ $\enspace r_{dst+1}.v \longleftarrow_{1} alu_{1}.v$ \\ $\enspace r_{dst+1}.z \longleftarrow_{1} alu_{1}.z$ \\ $\enspace r_{dst+1}.n \longleftarrow_{1} alu_{1}.n$ \\ $\enspace r_{dst}.c \longleftarrow_{1} alu_{0}.c$ \\ $\enspace r_{dst}.v \longleftarrow_{1} alu_{0}.v$ \\ $\enspace r_{dst}.z \longleftarrow_{1} alu_{0}.z$ \\ $\enspace r_{dst}.n \longleftarrow_{1} alu_{0}.n$ \\ else \\ $\enspace cr[4] \longleftarrow_{1} 1$ \\ endif \\"|"if $(dst \enspace \% \enspace 2 == 0 \enspace \& \enspace src \enspace \% \enspace 2 == 0)$ then \\ $\enspace r_{dst}.c$, $r_{dst}.v$, $r_{dst}.z$, $r_{dst}.n$, $r_{dst+1}.c$, $r_{dst+1}.v$, $r_{dst+1}.z$, $r_{dst+1}.n$ \\ else \\ $\enspace cr[4] \longleftarrow_{1} 1$ \\"|"$r_{dst}.n$ and $r_{dst+1}.n$ are implicit."|"None."|"dst range: 0:31 and even; src1 range: 0:31 and even; src2 range: 0:31 and even"
"sl.w"|"rdst,rsrc1,rsrc2"|"Shift left GPR"|"Shift left GPR by GPR and store in GPR"|"3"|"A"|"10"|"Arithmetic"|"9"|"11 uuuu rsrc1 r\_dst rsrc2 00 01010 uuuu"|"$r_{dst} \longleftarrow_{32} (r_{src_{1}}[32-U_{5}(r_{src_{2}}[4:0]):0] \# (r_{src_{2}}[4:0])('0'))$ \\ $r_{dst}.c \longleftarrow_{1} alu_{0}.c$ \\ $r_{dst}.v \longleftarrow_{1} alu_{0}.v$ \\ $r_{dst}.z \longleftarrow_{1} alu_{0}.z$ \\ $r_{dst}.n \longleftarrow_{1} alu_{0}.n$ \\"|"$r_{dst}.c$, $r_{dst}.v$, $r_{dst}.z$, $r_{dst}.n$ \\"|"$r_{dst}.n$ is implicit."|"None."|"dst range: 0:31; src1 range: 0:31; src2 range: 0:31"
"sl.l"|"rdst,rsrc1,rsrc2"|"Shift left long GPR"|"Shift left long GPR by long GPR and store in long GPR"|"3"|"A"|"10"|"Arithmetic"|"9"|"11 uuuu rsrc1 r\_dst rsrc2 01 01010 uuuu"|"if $(dst \enspace \% \enspace 2 == 0 \enspace \& \enspace src \enspace \% \enspace 2 == 0)$ then \\ $\enspace (r_{dst+1} \# r_{dst}) \longleftarrow_{64} ((r_{src_{1}+1}\# r_{src_{1}}) [64-U_{6}(r_{src_{2}}[5:0]):0] \# (r_{src_{2}}[5:0])('0') )$ \\ $\enspace r_{dst+1}.c \longleftarrow_{1} alu_{1}.c$ \\ $\enspace r_{dst+1}.v \longleftarrow_{1} alu_{1}.v$ \\ $\enspace r_{dst+1}.z \longleftarrow_{1} alu_{1}.z$ \\ $\enspace r_{dst+1}.n \longleftarrow_{1} alu_{1}.n$ \\ $\enspace r_{dst}.c \longleftarrow_{1} alu_{0}.c$ \\ $\enspace r_{dst}.v \longleftarrow_{1} alu_{0}.v$ \\ $\enspace r_{dst}.z \longleftarrow_{1} alu_{0}.z$ \\ $\enspace r_{dst}.n \longleftarrow_{1} alu_{0}.n$ \\ else \\ $\enspace cr[4] \longleftarrow_{1} 1$ \\ endif \\"|"if $(dst \enspace \% \enspace 2 == 0 \enspace \& \enspace src \enspace \% \enspace 2 == 0)$ then \\ $\enspace r_{dst}.c$, $r_{dst}.v$, $r_{dst}.z$, $r_{dst}.n$, $r_{dst+1}.c$, $r_{dst+1}.v$, $r_{dst+1}.z$, $r_{dst+1}.n$ \\ else \\ $\enspace cr[4] \longleftarrow_{1} 1$ \\"|"$r_{dst}.n$ and $r_{dst+1}.n$ are implicit."|"None."|"dst range: 0:31 and even; src1 range: 0:31 and even; src2 range: 0:31 and even"
"sra.w"|"rdst,rsrc1,rsrc2"|"Shift right arithmetical GPR"|"Shift right arithmetical GPR by GPR and store in GPR"|"3"|"A"|"11"|"Arithmetic"|"10"|"11 uuuu rsrc1 r\_dst rsrc2 00 01011 uuuu"|"$r_{dst} \longleftarrow_{32} (U_{5}(r_{src_{2}}[4:0])(r_{src_{1}}[31]) \# r_{src_{1}}[31:U_{5}(r_{src_{2}}[4:0]):0] )$ \\ $r_{dst}.c \longleftarrow_{1} alu_{0}.c$ \\ $r_{dst}.v \longleftarrow_{1} alu_{0}.v$ \\ $r_{dst}.z \longleftarrow_{1} alu_{0}.z$ \\ $r_{dst}.n \longleftarrow_{1} alu_{0}.n$ \\"|"$r_{dst}.c$, $r_{dst}.v$, $r_{dst}.z$, $r_{dst}.n$ \\"|"$r_{dst}.n$ is implicit."|"None."|"dst range: 0:31; src1 range: 0:31; src2 range: 0:31"
"sra.l"|"rdst,rsrc1,rsrc2"|"Shift right arithmetical long GPR"|"Shift right arithmetical long GPR by long GPR and store in long GPR"|"3"|"A"|"11"|"Arithmetic"|"10"|"11 uuuu rsrc1 r\_dst rsrc2 01 01011 uuuu"|"if $(dst \enspace \% \enspace 2 == 0 \& src \enspace \% \enspace 2 == 0)$ then \\ $\enspace (r_{dst+1} \# r_{dst}) \longleftarrow_{64} ((U_{6}(r_{src_{2}}[5:0]))((r_{src_{1}+1}\#r_{src_{1}})[63]) \# (r_{src_{1}+1}\#r_{src_{1}})[63:U_{6}(r_{src_{2}}[5:0])])$ \\ $\enspace r_{dst+1}.c \longleftarrow_{1} alu_{1}.c$ \\ $\enspace r_{dst+1}.v \longleftarrow_{1} alu_{1}.v$ \\ $\enspace r_{dst+1}.z \longleftarrow_{1} alu_{1}.z$ \\ $\enspace r_{dst+1}.n \longleftarrow_{1} alu_{1}.n$ \\ $\enspace r_{dst}.c \longleftarrow_{1} alu_{0}.c$ \\ $\enspace r_{dst}.v \longleftarrow_{1} alu_{0}.v$ \\ $\enspace r_{dst}.z \longleftarrow_{1} alu_{0}.z$ \\ $\enspace r_{dst}.n \longleftarrow_{1} alu_{0}.n$ \\ else \\ $\enspace cr[4] \longleftarrow_{1} 1$ \\ endif \\"|"if $(dst \enspace \% \enspace 2 == 0 \enspace \& \enspace src \enspace \% \enspace 2 == 0)$ then \\ $\enspace r_{dst}.c$, $r_{dst}.v$, $r_{dst}.z$, $r_{dst}.n$, $r_{dst+1}.c$, $r_{dst+1}.v$, $r_{dst+1}.z$, $r_{dst+1}.n$ \\ else \\ $\enspace cr[4] \longleftarrow_{1} 1$ \\"|"$r_{dst}.n$ and $r_{dst+1}.n$ are implicit."|"None."|"dst range: 0:31 and even; src1 range: 0:31 and even; src2 range: 0:31 and even"
"srl.w"|"rdst,rsrc1,rsrc2"|"Shift right logical GPR"|"Shift right logical GPR by GPR and store in GPR"|"3"|"A"|"12"|"Logic"|"4"|"11 uuuu rsrc1 r\_dst rsrc2 00 01100 uuuu"|"$r_{dst} \longleftarrow_{32} (U_{5}(r_{src_{2}}[4:0])('0') \# r_{src_{1}}[31:U_{5}(r_{src_{2}}[4:0]):0] )$ \\ $r_{dst}.c \longleftarrow_{1} alu_{0}.c$ \\ $r_{dst}.v \longleftarrow_{1} alu_{0}.v$ \\ $r_{dst}.z \longleftarrow_{1} alu_{0}.z$ \\ $r_{dst}.n \longleftarrow_{1} alu_{0}.n$ \\"|"$r_{dst}.c$, $r_{dst}.v$, $r_{dst}.z$, $r_{dst}.n$ \\"|"$r_{dst}.n$ is implicit."|"None."|"dst range: 0:31; src1 range: 0:31; src2 range: 0:31"
"srl.l"|"rdst,rsrc1,rsrc2"|"Shift right logical long GPR"|"Shift right logical long GPR by long GPR and store in long GPR"|"3"|"A"|"12"|"Logic"|"4"|"11 uuuu rsrc1 r\_dst rsrc2 01 01100 uuuu"|"if $(dst \enspace \% \enspace 2 == 0 \& src \enspace \% \enspace 2 == 0)$ then \\ $\enspace (r_{dst+1} \# r_{dst}) \longleftarrow_{64} ((U_{6}(r_{src_{2}}[5:0]))('0') \# (r_{src_{1}+1} \# r_{src_{1}})[63:U_{6}(r_{src_{2}}[5:0])])$ \\ $\enspace r_{dst+1}.c \longleftarrow_{1} alu_{1}.c$ \\ $\enspace r_{dst+1}.v \longleftarrow_{1} alu_{1}.v$ \\ $\enspace r_{dst+1}.z \longleftarrow_{1} alu_{1}.z$ \\ $\enspace r_{dst+1}.n \longleftarrow_{1} alu_{1}.n$ \\ $\enspace r_{dst}.c \longleftarrow_{1} alu_{0}.c$ \\ $\enspace r_{dst}.v \longleftarrow_{1} alu_{0}.v$ \\ $\enspace r_{dst}.z \longleftarrow_{1} alu_{0}.z$ \\ $\enspace r_{dst}.n \longleftarrow_{1} alu_{0}.n$ \\ else \\ $\enspace cr[4] \longleftarrow_{1} 1$ \\ endif \\"|"if $(dst \enspace \% \enspace 2 == 0 \enspace \& \enspace src \enspace \% \enspace 2 == 0)$ then \\ $\enspace r_{dst}.c$, $r_{dst}.v$, $r_{dst}.z$, $r_{dst}.n$, $r_{dst+1}.c$, $r_{dst+1}.v$, $r_{dst+1}.z$, $r_{dst+1}.n$ \\ else \\ $\enspace cr[4] \longleftarrow_{1} 1$ \\"|"$r_{dst}.n$ and $r_{dst+1}.n$ are implicit."|"None."|"dst range: 0:31 and even; src1 range: 0:31 and even; src2 range: 0:31 and even"
"pol2recx.w"|"rdst,rsrc1,rsrc2"|"Polar to rectangular x of GPR's"|"Calculate polar to rectangular x coordinate of GPR's with cordic"|"3"|"A"|"13"|"Cordic"|"10"|"11 uuuu rsrc1 r\_dst rsrc2 00 10000 uuuu"|"$r_{dst} \longleftarrow_{32} r_{src_{1}} * cos(r_{src_{2}})$ \\ $r_{dst}.c \longleftarrow_{1} cordic_{0}.c$ \\ $r_{dst}.v \longleftarrow_{1} cordic_{0}.v$ \\ $r_{dst}.z \longleftarrow_{1} cordic_{0}.z$ \\ $r_{dst}.n \longleftarrow_{1} cordic_{0}.n$ \\"|"$r_{dst}.c$, $r_{dst}.v$, $r_{dst}.z$, $r_{dst}.n$ \\"|"$r_{dst}.n$ is implicit."|"None."|"dst range: 0:31; src1 range: 0:31; src2 range: 0:31"
"pol2recx.l"|"rdst,rsrc1,rsrc2"|"Polar to rectangular x of long GPR's"|"Calculate polar to rectangular x coordinate of long GPR's with cordic"|"3"|"A"|"13"|"Cordic"|"10"|"11 uuuu rsrc1 r\_dst rsrc2 01 10000 uuuu"|"if $(dst \enspace \% \enspace 2 == 0 \enspace \& \enspace src \enspace \% \enspace 2 == 0)$ then \\ $\enspace (r_{dst+1} \# r_{dst}) \longleftarrow_{64} (r_{src_{1}+1} \# r_{src_{1}}) * cos(r_{src_{2}+1} \# r_{src_{2}})$ \\ $\enspace r_{dst+1}.c \longleftarrow_{1} alu_{1}.c$ \\ $\enspace r_{dst+1}.v \longleftarrow_{1} alu_{1}.v$ \\ $\enspace r_{dst+1}.z \longleftarrow_{1} alu_{1}.z$ \\ $\enspace r_{dst+1}.n \longleftarrow_{1} alu_{1}.n$ \\ $\enspace r_{dst}.c \longleftarrow_{1} alu_{0}.c$ \\ $\enspace r_{dst}.v \longleftarrow_{1} alu_{0}.v$ \\ $\enspace r_{dst}.z \longleftarrow_{1} alu_{0}.z$ \\ $\enspace r_{dst}.n \longleftarrow_{1} alu_{0}.n$ \\ else \\ $\enspace cr[4] \longleftarrow_{1} 1$ \\ endif \\"|"if $(dst \enspace \% \enspace 2 == 0 \enspace \& \enspace src \enspace \% \enspace 2 == 0)$ then \\ $\enspace r_{dst}.c$, $r_{dst}.v$, $r_{dst}.z$, $r_{dst}.n$, $r_{dst+1}.c$, $r_{dst+1}.v$, $r_{dst+1}.z$, $r_{dst+1}.n$ \\ else \\ $\enspace cr[4] \longleftarrow_{1} 1$ \\"|"$r_{dst}.n$ and $r_{dst+1}.n$ are implicit."|"None."|"dst range: 0:31 and even; src1 range: 0:31 and even; src2 range: 0:31 and even"
"pol2recx.f"|"fdst,fsrc1,fsrc2"|"Polar to rectangular x of FPR's"|"Calculate polar to rectangular x coordinate of FPR's with cordic"|"3"|"A"|"13"|"Cordic"|"10"|"11 uuuu rsrc1 r\_dst rsrc2 10 10000 uuuu"|"$f_{dst} \longleftarrow_{32} f_{src_{1}} * cos(f_{src_{2}})$ \\ $f_{dst}.a \longleftarrow_{1} fpu_{0}.a$ \\ $f_{dst}.i \longleftarrow_{1} fpu_{0}.i$ \\ $f_{dst}.z \longleftarrow_{1} fpu_{0}.z$ \\ $f_{dst}.n \longleftarrow_{1} fpu_{0}.n$ \\"|"$f_{dst}.a$, $f_{dst}.i$, $f_{dst}.z$, $f_{dst}.n$ \\"|"$f_{dst}.n$ is implicit."|"None."|"dst range: 0:31; src1 range: 0:31; src2 range: 0:31"
"pol2recx.d"|"fdst,fsrc1,fsrc2"|"Polar to rectangular x of double FPR's"|"Calculate polar to rectangular x coordinate of double FPR's with cordic"|"3"|"A"|"13"|"Cordic"|"10"|"11 uuuu rsrc1 r\_dst rsrc2 11 10000 uuuu"|"if $(dst \enspace \% \enspace 2 == 0 \enspace \& \enspace src \enspace \% \enspace 2 == 0)$ then \\ $\enspace (f_{dst+1} \# f_{dst}) \longleftarrow_{64} (f_{src_{1}+1} \# f_{src_{1}}) * cos(f_{src_{2}+1} \# f_{src_{2}})$ \\ $\enspace f_{dst+1}.a \longleftarrow_{1} fpu_{1}.a$ \\ $\enspace f_{dst+1}.i \longleftarrow_{1} fpu_{1}.i$ \\ $\enspace f_{dst+1}.z \longleftarrow_{1} fpu_{1}.z$ \\ $\enspace f_{dst+1}.n \longleftarrow_{1} fpu_{1}.n$ \\ $\enspace f_{dst}.a \longleftarrow_{1} fpu_{0}.a$ \\ $\enspace f_{dst}.i \longleftarrow_{1} fpu_{0}.i$ \\ $\enspace f_{dst}.z \longleftarrow_{1} fpu_{0}.z$ \\ $\enspace f_{dst}.n \longleftarrow_{1} fpu_{0}.n$ \\ else \\ $\enspace cr[5] \longleftarrow_{1} 1$ \\ endif \\"|"if $(dst \enspace \% \enspace 2 == 0 \& src \enspace \% \enspace 2 == 0)$ then \\ $\enspace f_{dst}.a$, $f_{dst}.i$, $f_{dst}.z$, $f_{dst}.n$, $f_{dst+1}.a$, $f_{dst+1}.i$, $f_{dst+1}.z$, $f_{dst+1}.n$ \\ else \\ $\enspace cr[5] \longleftarrow_{1} 1$ \\"|"$f_{dst}.n$ and $f_{dst+1}.n$ are implicit."|"None."|"dst range: 0:31 and even; src1 range: 0:31 and even; src2 range: 0:31 and even"
"pol2recy.w"|"rdst,rsrc1,rsrc2"|"Polar to rectangular src of GPR's"|"Calculate polar to rectangular src coordinate of GPR's with cordic"|"3"|"A"|"14"|"Cordic"|"11"|"11 uuuu rsrc1 r\_dst rsrc2 00 10001 uuuu"|"$r_{dst} \longleftarrow_{32} r_{src_{1}} * sin(r_{src_{2}})$ \\ $r_{dst}.c \longleftarrow_{1} cordic_{0}.c$ \\ $r_{dst}.v \longleftarrow_{1} cordic_{0}.v$ \\ $r_{dst}.z \longleftarrow_{1} cordic_{0}.z$ \\ $r_{dst}.n \longleftarrow_{1} cordic_{0}.n$ \\"|"$r_{dst}.c$, $r_{dst}.v$, $r_{dst}.z$, $r_{dst}.n$ \\"|"$r_{dst}.n$ is implicit."|"None."|"dst range: 0:31; src1 range: 0:31; src2 range: 0:31"
"pol2recy.l"|"rdst,rsrc1,rsrc2"|"Polar to rectangular src of long GPR's"|"Calculate polar to rectangular src coordinate of long GPR's with cordic"|"3"|"A"|"14"|"Cordic"|"11"|"11 uuuu rsrc1 r\_dst rsrc2 01 10001 uuuu"|"if $(dst \enspace \% \enspace 2 == 0 \enspace \& \enspace src \enspace \% \enspace 2 == 0)$ then \\ $\enspace (r_{dst+1} \# r_{dst}) \longleftarrow_{64} (r_{src_{1}+1} \# r_{src_{1}}) * sin(r_{src_{2}+1} \# r_{src_{2}})$ \\ $\enspace r_{dst+1}.c \longleftarrow_{1} alu_{1}.c$ \\ $\enspace r_{dst+1}.v \longleftarrow_{1} alu_{1}.v$ \\ $\enspace r_{dst+1}.z \longleftarrow_{1} alu_{1}.z$ \\ $\enspace r_{dst+1}.n \longleftarrow_{1} alu_{1}.n$ \\ $\enspace r_{dst}.c \longleftarrow_{1} alu_{0}.c$ \\ $\enspace r_{dst}.v \longleftarrow_{1} alu_{0}.v$ \\ $\enspace r_{dst}.z \longleftarrow_{1} alu_{0}.z$ \\ $\enspace r_{dst}.n \longleftarrow_{1} alu_{0}.n$ \\ else \\ $\enspace cr[4] \longleftarrow_{1} 1$ \\ endif \\"|"if $(dst \enspace \% \enspace 2 == 0 \enspace \& \enspace src \enspace \% \enspace 2 == 0)$ then \\ $\enspace r_{dst}.c$, $r_{dst}.v$, $r_{dst}.z$, $r_{dst}.n$, $r_{dst+1}.c$, $r_{dst+1}.v$, $r_{dst+1}.z$, $r_{dst+1}.n$ \\ else \\ $\enspace cr[4] \longleftarrow_{1} 1$ \\"|"$r_{dst}.n$ and $r_{dst+1}.n$ are implicit."|"None."|"dst range: 0:31 and even; src1 range: 0:31 and even; src2 range: 0:31 and even"
"pol2recy.f"|"fdst,fsrc1,fsrc2"|"Polar to rectangular src of FPR's"|"Calculate polar to rectangular src coordinate of FPR's with cordic"|"3"|"A"|"14"|"Cordic"|"11"|"11 uuuu rsrc1 r\_dst rsrc2 10 10001 uuuu"|"$f_{dst} \longleftarrow_{32} f_{src_{1}} * sin(f_{src_{2}})$ \\ $f_{dst}.a \longleftarrow_{1} fpu_{0}.a$ \\ $f_{dst}.i \longleftarrow_{1} fpu_{0}.i$ \\ $f_{dst}.z \longleftarrow_{1} fpu_{0}.z$ \\ $f_{dst}.n \longleftarrow_{1} fpu_{0}.n$ \\"|"$f_{dst}.a$, $f_{dst}.i$, $f_{dst}.z$, $f_{dst}.n$ \\"|"$f_{dst}.n$ is implicit."|"None."|"dst range: 0:31; src1 range: 0:31; src2 range: 0:31"
"pol2recy.d"|"fdst,fsrc1,fsrc2"|"Polar to rectangular src of double FPR's"|"Calculate polar to rectangular src coordinate of double FPR's with cordic"|"3"|"A"|"14"|"Cordic"|"11"|"11 uuuu rsrc1 r\_dst rsrc2 11 10001 uuuu"|"if $(dst \enspace \% \enspace 2 == 0 \enspace \& \enspace src \enspace \% \enspace 2 == 0)$ then \\ $\enspace (f_{dst+1} \# f_{dst}) \longleftarrow_{64} (f_{src_{1}+1} \# f_{src_{1}}) * sin(f_{src_{2}+1} \# f_{src_{2}})$ \\ $\enspace f_{dst+1}.a \longleftarrow_{1} fpu_{1}.a$ \\ $\enspace f_{dst+1}.i \longleftarrow_{1} fpu_{1}.i$ \\ $\enspace f_{dst+1}.z \longleftarrow_{1} fpu_{1}.z$ \\ $\enspace f_{dst+1}.n \longleftarrow_{1} fpu_{1}.n$ \\ $\enspace f_{dst}.a \longleftarrow_{1} fpu_{0}.a$ \\ $\enspace f_{dst}.i \longleftarrow_{1} fpu_{0}.i$ \\ $\enspace f_{dst}.z \longleftarrow_{1} fpu_{0}.z$ \\ $\enspace f_{dst}.n \longleftarrow_{1} fpu_{0}.n$ \\ else \\ $\enspace cr[5] \longleftarrow_{1} 1$ \\ endif \\"|"if $(dst \enspace \% \enspace 2 == 0 \& src \enspace \% \enspace 2 == 0)$ then \\ $\enspace f_{dst}.a$, $f_{dst}.i$, $f_{dst}.z$, $f_{dst}.n$, $f_{dst+1}.a$, $f_{dst+1}.i$, $f_{dst+1}.z$, $f_{dst+1}.n$ \\ else \\ $\enspace cr[5] \longleftarrow_{1} 1$ \\"|"$f_{dst}.n$ and $f_{dst+1}.n$ are implicit."|"None."|"dst range: 0:31 and even; src1 range: 0:31 and even; src2 range: 0:31 and even"
"hyp2recx.w"|"rdst,rsrc1,rsrc2"|"Hyperbolic to rectangular x of GPR's"|"Calculate hyperbolic to rectangular x coordinate of GPR's with cordic"|"3"|"A"|"15"|"Cordic"|"12"|"11 uuuu rsrc1 r\_dst rsrc2 00 10010 uuuu"|"$r_{dst} \longleftarrow_{32} r_{src_{1}} * \hat{} (r_{src_{2}})$ \\ $r_{dst}.c \longleftarrow_{1} cordic_{0}.c$ \\ $r_{dst}.v \longleftarrow_{1} cordic_{0}.v$ \\ $r_{dst}.z \longleftarrow_{1} cordic_{0}.z$ \\ $r_{dst}.n \longleftarrow_{1} cordic_{0}.n$ \\"|"$r_{dst}.c$, $r_{dst}.v$, $r_{dst}.z$, $r_{dst}.n$ \\"|"$r_{dst}.n$ is implicit."|"None."|"dst range: 0:31; src1 range: 0:31; src2 range: 0:31"
"hyp2recx.l"|"rdst,rsrc1,rsrc2"|"Hyperbolic to rectangular x of long GPR's"|"Calculate hyperbolic to rectangular x coordinate of long GPR's with cordic"|"3"|"A"|"15"|"Cordic"|"12"|"11 uuuu rsrc1 r\_dst rsrc2 01 10010 uuuu"|"if $(dst \enspace \% \enspace 2 == 0 \enspace \& \enspace src \enspace \% \enspace 2 == 0)$ then \\ $\enspace (r_{dst+1} \# r_{dst}) \longleftarrow_{64} (r_{src_{1}+1} \# r_{src_{1}}) * \hat{} (r_{src_{2}+1} \# r_{src_{2}})$ \\ $\enspace r_{dst+1}.c \longleftarrow_{1} alu_{1}.c$ \\ $\enspace r_{dst+1}.v \longleftarrow_{1} alu_{1}.v$ \\ $\enspace r_{dst+1}.z \longleftarrow_{1} alu_{1}.z$ \\ $\enspace r_{dst+1}.n \longleftarrow_{1} alu_{1}.n$ \\ $\enspace r_{dst}.c \longleftarrow_{1} alu_{0}.c$ \\ $\enspace r_{dst}.v \longleftarrow_{1} alu_{0}.v$ \\ $\enspace r_{dst}.z \longleftarrow_{1} alu_{0}.z$ \\ $\enspace r_{dst}.n \longleftarrow_{1} alu_{0}.n$ \\ else \\ $\enspace cr[4] \longleftarrow_{1} 1$ \\ endif \\"|"if $(dst \enspace \% \enspace 2 == 0 \enspace \& \enspace src \enspace \% \enspace 2 == 0)$ then \\ $\enspace r_{dst}.c$, $r_{dst}.v$, $r_{dst}.z$, $r_{dst}.n$, $r_{dst+1}.c$, $r_{dst+1}.v$, $r_{dst+1}.z$, $r_{dst+1}.n$ \\ else \\ $\enspace cr[4] \longleftarrow_{1} 1$ \\"|"$r_{dst}.n$ and $r_{dst+1}.n$ are implicit."|"None."|"dst range: 0:31 and even; src1 range: 0:31 and even; src2 range: 0:31 and even"
"hyp2recx.f"|"fdst,fsrc1,fsrc2"|"Hyperbolic to rectangular x of FPR's"|"Calculate hyperbolic to rectangular x coordinate of FPR's with cordic"|"3"|"A"|"15"|"Cordic"|"12"|"11 uuuu rsrc1 r\_dst rsrc2 10 10010 uuuu"|"$f_{dst} \longleftarrow_{32} f_{src_{1}} * \hat{} (f_{src_{2}})$ \\ $f_{dst}.a \longleftarrow_{1} fpu_{0}.a$ \\ $f_{dst}.i \longleftarrow_{1} fpu_{0}.i$ \\ $f_{dst}.z \longleftarrow_{1} fpu_{0}.z$ \\ $f_{dst}.n \longleftarrow_{1} fpu_{0}.n$ \\"|"$f_{dst}.a$, $f_{dst}.i$, $f_{dst}.z$, $f_{dst}.n$ \\"|"$f_{dst}.n$ is implicit."|"None."|"dst range: 0:31; src1 range: 0:31; src2 range: 0:31"
"hyp2recx.d"|"fdst,fsrc1,fsrc2"|"Hyperbolic to rectangular x of double FPR's"|"Calculate hyperbolic to rectangular x coordinate of double FPR's with cordic"|"3"|"A"|"15"|"Cordic"|"12"|"11 uuuu rsrc1 r\_dst rsrc2 11 10010 uuuu"|"if $(dst \enspace \% \enspace 2 == 0 \enspace \& \enspace src \enspace \% \enspace 2 == 0)$ then \\ $\enspace (f_{dst+1} \# f_{dst}) \longleftarrow_{64} (f_{src_{1}+1} \# f_{src_{1}}) * \hat{} (f_{src_{2}+1} \# f_{src_{2}})$ \\ $\enspace f_{dst+1}.a \longleftarrow_{1} fpu_{1}.a$ \\ $\enspace f_{dst+1}.i \longleftarrow_{1} fpu_{1}.i$ \\ $\enspace f_{dst+1}.z \longleftarrow_{1} fpu_{1}.z$ \\ $\enspace f_{dst+1}.n \longleftarrow_{1} fpu_{1}.n$ \\ $\enspace f_{dst}.a \longleftarrow_{1} fpu_{0}.a$ \\ $\enspace f_{dst}.i \longleftarrow_{1} fpu_{0}.i$ \\ $\enspace f_{dst}.z \longleftarrow_{1} fpu_{0}.z$ \\ $\enspace f_{dst}.n \longleftarrow_{1} fpu_{0}.n$ \\ else \\ $\enspace cr[5] \longleftarrow_{1} 1$ \\ endif \\"|"if $(dst \enspace \% \enspace 2 == 0 \& src \enspace \% \enspace 2 == 0)$ then \\ $\enspace f_{dst}.a$, $f_{dst}.i$, $f_{dst}.z$, $f_{dst}.n$, $f_{dst+1}.a$, $f_{dst+1}.i$, $f_{dst+1}.z$, $f_{dst+1}.n$ \\ else \\ $\enspace cr[5] \longleftarrow_{1} 1$ \\"|"$f_{dst}.n$ and $f_{dst+1}.n$ are implicit."|"None."|"dst range: 0:31 and even; src1 range: 0:31 and even; src2 range: 0:31 and even"
"hyp2recy.w"|"rdst,rsrc1,rsrc2"|"Hyperbolic to rectangular src of GPR's"|"Calculate hyperbolic to rectangular src coordinate of GPR's with cordic"|"3"|"A"|"16"|"Cordic"|"13"|"11 uuuu rsrc1 r\_dst rsrc2 00 10011 uuuu"|"$r_{dst} \longleftarrow_{32} r_{src_{1}} * sinh(r_{src_{2}})$ \\ $r_{dst}.c \longleftarrow_{1} cordic_{0}.c$ \\ $r_{dst}.v \longleftarrow_{1} cordic_{0}.v$ \\ $r_{dst}.z \longleftarrow_{1} cordic_{0}.z$ \\ $r_{dst}.n \longleftarrow_{1} cordic_{0}.n$ \\"|"$r_{dst}.c$, $r_{dst}.v$, $r_{dst}.z$, $r_{dst}.n$ \\"|"$r_{dst}.n$ is implicit."|"None."|"dst range: 0:31; src1 range: 0:31; src2 range: 0:31"
"hyp2recy.l"|"rdst,rsrc1,rsrc2"|"Hyperbolic to rectangular src of long GPR's"|"Calculate hyperbolic to rectangular src coordinate of long GPR's with cordic"|"3"|"A"|"16"|"Cordic"|"13"|"11 uuuu rsrc1 r\_dst rsrc2 01 10011 uuuu"|"if $(dst \enspace \% \enspace 2 == 0 \enspace \& \enspace src \enspace \% \enspace 2 == 0)$ then \\ $\enspace (r_{dst+1} \# r_{dst}) \longleftarrow_{64} (r_{src_{1}+1} \# r_{src_{1}}) * sinh(r_{src_{2}+1} \# r_{src_{2}})$ \\ $\enspace r_{dst+1}.c \longleftarrow_{1} alu_{1}.c$ \\ $\enspace r_{dst+1}.v \longleftarrow_{1} alu_{1}.v$ \\ $\enspace r_{dst+1}.z \longleftarrow_{1} alu_{1}.z$ \\ $\enspace r_{dst+1}.n \longleftarrow_{1} alu_{1}.n$ \\ $\enspace r_{dst}.c \longleftarrow_{1} alu_{0}.c$ \\ $\enspace r_{dst}.v \longleftarrow_{1} alu_{0}.v$ \\ $\enspace r_{dst}.z \longleftarrow_{1} alu_{0}.z$ \\ $\enspace r_{dst}.n \longleftarrow_{1} alu_{0}.n$ \\ else \\ $\enspace cr[4] \longleftarrow_{1} 1$ \\ endif \\"|"if $(dst \enspace \% \enspace 2 == 0 \enspace \& \enspace src \enspace \% \enspace 2 == 0)$ then \\ $\enspace r_{dst}.c$, $r_{dst}.v$, $r_{dst}.z$, $r_{dst}.n$, $r_{dst+1}.c$, $r_{dst+1}.v$, $r_{dst+1}.z$, $r_{dst+1}.n$ \\ else \\ $\enspace cr[4] \longleftarrow_{1} 1$ \\"|"$r_{dst}.n$ and $r_{dst+1}.n$ are implicit."|"None."|"dst range: 0:31 and even; src1 range: 0:31 and even; src2 range: 0:31 and even"
"hyp2recy.f"|"fdst,fsrc1,fsrc2"|"Hyperbolic to rectangular src of FPR's"|"Calculate hyperbolic to rectangular src coordinate of FPR's with cordic"|"3"|"A"|"16"|"Cordic"|"13"|"11 uuuu rsrc1 r\_dst rsrc2 10 10011 uuuu"|"$f_{dst} \longleftarrow_{32} f_{src_{1}} * sinh(f_{src_{2}})$ \\ $f_{dst}.a \longleftarrow_{1} fpu_{0}.a$ \\ $f_{dst}.i \longleftarrow_{1} fpu_{0}.i$ \\ $f_{dst}.z \longleftarrow_{1} fpu_{0}.z$ \\ $f_{dst}.n \longleftarrow_{1} fpu_{0}.n$ \\"|"$f_{dst}.a$, $f_{dst}.i$, $f_{dst}.z$, $f_{dst}.n$ \\"|"$f_{dst}.n$ is implicit."|"None."|"dst range: 0:31; src1 range: 0:31; src2 range: 0:31"
"hyp2recy.d"|"fdst,fsrc1,fsrc2"|"Hyperbolic to rectangular src of double FPR's"|"Calculate hyperbolic to rectangular src coordinate of double FPR's with cordic"|"3"|"A"|"16"|"Cordic"|"13"|"11 uuuu rsrc1 r\_dst rsrc2 11 10011 uuuu"|"if $(dst \enspace \% \enspace 2 == 0 \enspace \& \enspace src \enspace \% \enspace 2 == 0)$ then \\ $\enspace (f_{dst+1} \# f_{dst}) \longleftarrow_{64} (f_{src_{1}+1} \# f_{src_{1}}) * sinh(f_{src_{2}+1} \# f_{src_{2}})$ \\ $\enspace f_{dst+1}.a \longleftarrow_{1} fpu_{1}.a$ \\ $\enspace f_{dst+1}.i \longleftarrow_{1} fpu_{1}.i$ \\ $\enspace f_{dst+1}.z \longleftarrow_{1} fpu_{1}.z$ \\ $\enspace f_{dst+1}.n \longleftarrow_{1} fpu_{1}.n$ \\ $\enspace f_{dst}.a \longleftarrow_{1} fpu_{0}.a$ \\ $\enspace f_{dst}.i \longleftarrow_{1} fpu_{0}.i$ \\ $\enspace f_{dst}.z \longleftarrow_{1} fpu_{0}.z$ \\ $\enspace f_{dst}.n \longleftarrow_{1} fpu_{0}.n$ \\ else \\ $\enspace cr[5] \longleftarrow_{1} 1$ \\ endif \\"|"if $(dst \enspace \% \enspace 2 == 0 \& src \enspace \% \enspace 2 == 0)$ then \\ $\enspace f_{dst}.a$, $f_{dst}.i$, $f_{dst}.z$, $f_{dst}.n$, $f_{dst+1}.a$, $f_{dst+1}.i$, $f_{dst+1}.z$, $f_{dst+1}.n$ \\ else \\ $\enspace cr[5] \longleftarrow_{1} 1$ \\"|"$f_{dst}.n$ and $f_{dst+1}.n$ are implicit."|"None."|"dst range: 0:31 and even; src1 range: 0:31 and even; src2 range: 0:31 and even"
"norm.w"|"rdst,rsrc1,rsrc2"|"Norm of GPR's"|"Calculate norm of GPR's with cordic"|"3"|"A"|"17"|"Cordic"|"14"|"11 uuuu rsrc1 r\_dst rsrc2 00 10100 uuuu"|"$r_{dst} \longleftarrow_{32} sqrt(r_{src_{1}}^{2} + r_{src_{2}}^{2})$ \\ $r_{dst}.c \longleftarrow_{1} cordic_{0}.c$ \\ $r_{dst}.v \longleftarrow_{1} cordic_{0}.v$ \\ $r_{dst}.z \longleftarrow_{1} cordic_{0}.z$ \\ $r_{dst}.n \longleftarrow_{1} cordic_{0}.n$ \\"|"$r_{dst}.c$, $r_{dst}.v$, $r_{dst}.z$, $r_{dst}.n$ \\"|"$r_{dst}.n$ is implicit."|"None."|"dst range: 0:31; src1 range: 0:31; src2 range: 0:31"
"norm.l"|"rdst,rsrc1,rsrc2"|"Norm of long GPR's"|"Calculate norm of long GPR's with cordic"|"3"|"A"|"17"|"Cordic"|"14"|"11 uuuu rsrc1 r\_dst rsrc2 01 10100 uuuu"|"if $(dst \enspace \% \enspace 2 == 0 \enspace \& \enspace src \enspace \% \enspace 2 == 0)$ then \\ $\enspace (r_{dst+1} \# r_{dst}) \longleftarrow_{64} sqrt((r_{src_{1}+1} \# r_{src_{1}})^{2} + (r_{src_{2}+1} \# r_{src_{2}})^{2})$ \\ $\enspace r_{dst+1}.c \longleftarrow_{1} alu_{1}.c$ \\ $\enspace r_{dst+1}.v \longleftarrow_{1} alu_{1}.v$ \\ $\enspace r_{dst+1}.z \longleftarrow_{1} alu_{1}.z$ \\ $\enspace r_{dst+1}.n \longleftarrow_{1} alu_{1}.n$ \\ $\enspace r_{dst}.c \longleftarrow_{1} alu_{0}.c$ \\ $\enspace r_{dst}.v \longleftarrow_{1} alu_{0}.v$ \\ $\enspace r_{dst}.z \longleftarrow_{1} alu_{0}.z$ \\ $\enspace r_{dst}.n \longleftarrow_{1} alu_{0}.n$ \\ else \\ $\enspace cr[4] \longleftarrow_{1} 1$ \\ endif \\"|"if $(dst \enspace \% \enspace 2 == 0 \enspace \& \enspace src \enspace \% \enspace 2 == 0)$ then \\ $\enspace r_{dst}.c$, $r_{dst}.v$, $r_{dst}.z$, $r_{dst}.n$, $r_{dst+1}.c$, $r_{dst+1}.v$, $r_{dst+1}.z$, $r_{dst+1}.n$ \\ else \\ $\enspace cr[4] \longleftarrow_{1} 1$ \\"|"$r_{dst}.n$ and $r_{dst+1}.n$ are implicit."|"None."|"dst range: 0:31 and even; src1 range: 0:31 and even; src2 range: 0:31 and even"
"norm.f"|"fdst,fsrc1,fsrc2"|"Norm of FPR's"|"Calculate norm of FPR's with cordic"|"3"|"A"|"17"|"Cordic"|"14"|"11 uuuu rsrc1 r\_dst rsrc2 10 10100 uuuu"|"$f_{dst} \longleftarrow_{32} sqrt(f_{src_{1}}^{2} + f_{src_{2}}^{2})$ \\ $f_{dst}.a \longleftarrow_{1} fpu_{0}.a$ \\ $f_{dst}.i \longleftarrow_{1} fpu_{0}.i$ \\ $f_{dst}.z \longleftarrow_{1} fpu_{0}.z$ \\ $f_{dst}.n \longleftarrow_{1} fpu_{0}.n$ \\"|"$f_{dst}.a$, $f_{dst}.i$, $f_{dst}.z$, $f_{dst}.n$ \\"|"$f_{dst}.n$ is implicit."|"None."|"dst range: 0:31; src1 range: 0:31; src2 range: 0:31"
"norm.d"|"fdst,fsrc1,fsrc2"|"Norm of double FPR's"|"Calculate norm of double FPR's with cordic"|"3"|"A"|"17"|"Cordic"|"14"|"11 uuuu rsrc1 r\_dst rsrc2 11 10100 uuuu"|"if $(dst \enspace \% \enspace 2 == 0 \enspace \& \enspace src \enspace \% \enspace 2 == 0)$ then \\ $\enspace (f_{dst+1} \# f_{dst}) \longleftarrow_{64} sqrt((f_{src_{1}+1} \# f_{src_{1}})^{2} + (f_{src_{2}+1} \# f_{src_{2}})^{2})$ \\ $\enspace f_{dst+1}.a \longleftarrow_{1} fpu_{1}.a$ \\ $\enspace f_{dst+1}.i \longleftarrow_{1} fpu_{1}.i$ \\ $\enspace f_{dst+1}.z \longleftarrow_{1} fpu_{1}.z$ \\ $\enspace f_{dst+1}.n \longleftarrow_{1} fpu_{1}.n$ \\ $\enspace f_{dst}.a \longleftarrow_{1} fpu_{0}.a$ \\ $\enspace f_{dst}.i \longleftarrow_{1} fpu_{0}.i$ \\ $\enspace f_{dst}.z \longleftarrow_{1} fpu_{0}.z$ \\ $\enspace f_{dst}.n \longleftarrow_{1} fpu_{0}.n$ \\ else \\ $\enspace cr[5] \longleftarrow_{1} 1$ \\ endif \\"|"if $(dst \enspace \% \enspace 2 == 0 \& src \enspace \% \enspace 2 == 0)$ then \\ $\enspace f_{dst}.a$, $f_{dst}.i$, $f_{dst}.z$, $f_{dst}.n$, $f_{dst+1}.a$, $f_{dst+1}.i$, $f_{dst+1}.z$, $f_{dst+1}.n$ \\ else \\ $\enspace cr[5] \longleftarrow_{1} 1$ \\"|"$f_{dst}.n$ and $f_{dst+1}.n$ are implicit."|"None."|"dst range: 0:31 and even; src1 range: 0:31 and even; src2 range: 0:31 and even"
"atan2.w"|"rdst,rsrc1,rsrc2"|"Arctangent of GPR's"|"Calculate arctangent of GPR's with cordic"|"3"|"A"|"18"|"Cordic"|"15"|"11 uuuu rsrc1 r\_dst rsrc2 00 10101 uuuu"|"$r_{dst} \longleftarrow_{32} atan(r_{src_{1}}, (r_{src_{2}}))$ \\ $r_{dst}.c \longleftarrow_{1} cordic_{0}.c$ \\ $r_{dst}.v \longleftarrow_{1} cordic_{0}.v$ \\ $r_{dst}.z \longleftarrow_{1} cordic_{0}.z$ \\ $r_{dst}.n \longleftarrow_{1} cordic_{0}.n$ \\"|"$r_{dst}.c$, $r_{dst}.v$, $r_{dst}.z$, $r_{dst}.n$ \\"|"$r_{dst}.n$ is implicit."|"None."|"dst range: 0:31; src1 range: 0:31; src2 range: 0:31"
"atan2.l"|"rdst,rsrc1,rsrc2"|"Arctangent of long GPR's"|"Calculate arctangent of long GPR's with cordic"|"3"|"A"|"18"|"Cordic"|"15"|"11 uuuu rsrc1 r\_dst rsrc2 01 10101 uuuu"|"if $(dst \enspace \% \enspace 2 == 0 \enspace \& \enspace src \enspace \% \enspace 2 == 0)$ then \\ $\enspace (r_{dst+1} \# r_{dst}) \longleftarrow_{64} atan((r_{src_{1}+1} \# r_{src_{1}}), (r_{src_{2}+1} \# r_{src_{2}}))$ \\ $\enspace r_{dst+1}.c \longleftarrow_{1} alu_{1}.c$ \\ $\enspace r_{dst+1}.v \longleftarrow_{1} alu_{1}.v$ \\ $\enspace r_{dst+1}.z \longleftarrow_{1} alu_{1}.z$ \\ $\enspace r_{dst+1}.n \longleftarrow_{1} alu_{1}.n$ \\ $\enspace r_{dst}.c \longleftarrow_{1} alu_{0}.c$ \\ $\enspace r_{dst}.v \longleftarrow_{1} alu_{0}.v$ \\ $\enspace r_{dst}.z \longleftarrow_{1} alu_{0}.z$ \\ $\enspace r_{dst}.n \longleftarrow_{1} alu_{0}.n$ \\ else \\ $\enspace cr[4] \longleftarrow_{1} 1$ \\ endif \\"|"if $(dst \enspace \% \enspace 2 == 0 \enspace \& \enspace src \enspace \% \enspace 2 == 0)$ then \\ $\enspace r_{dst}.c$, $r_{dst}.v$, $r_{dst}.z$, $r_{dst}.n$, $r_{dst+1}.c$, $r_{dst+1}.v$, $r_{dst+1}.z$, $r_{dst+1}.n$ \\ else \\ $\enspace cr[4] \longleftarrow_{1} 1$ \\"|"$r_{dst}.n$ and $r_{dst+1}.n$ are implicit."|"None."|"dst range: 0:31 and even; src1 range: 0:31 and even; src2 range: 0:31 and even"
"atan2.f"|"fdst,fsrc1,fsrc2"|"Arctangent of FPR's"|"Calculate arctangent of FPR's with cordic"|"3"|"A"|"18"|"Cordic"|"15"|"11 uuuu rsrc1 r\_dst rsrc2 10 10101 uuuu"|"$f_{dst} \longleftarrow_{32} atan(f_{src_{1}}, (f_{src_{2}}))$ \\ $f_{dst}.a \longleftarrow_{1} fpu_{0}.a$ \\ $f_{dst}.i \longleftarrow_{1} fpu_{0}.i$ \\ $f_{dst}.z \longleftarrow_{1} fpu_{0}.z$ \\ $f_{dst}.n \longleftarrow_{1} fpu_{0}.n$ \\"|"$f_{dst}.a$, $f_{dst}.i$, $f_{dst}.z$, $f_{dst}.n$ \\"|"$f_{dst}.n$ is implicit."|"None."|"dst range: 0:31; src1 range: 0:31; src2 range: 0:31"
"atan2.d"|"fdst,fsrc1,fsrc2"|"Arctangent of double FPR's"|"Calculate arctangent of double FPR's with cordic"|"3"|"A"|"18"|"Cordic"|"15"|"11 uuuu rsrc1 r\_dst rsrc2 11 10101 uuuu"|"if $(dst \enspace \% \enspace 2 == 0 \enspace \& \enspace src \enspace \% \enspace 2 == 0)$ then \\ $\enspace (f_{dst+1} \# f_{dst}) \longleftarrow_{64} atan((f_{src_{1}+1} \# f_{src_{1}}), (f_{src_{2}+1} \# f_{src_{2}}))$ \\ $\enspace f_{dst+1}.a \longleftarrow_{1} fpu_{1}.a$ \\ $\enspace f_{dst+1}.i \longleftarrow_{1} fpu_{1}.i$ \\ $\enspace f_{dst+1}.z \longleftarrow_{1} fpu_{1}.z$ \\ $\enspace f_{dst+1}.n \longleftarrow_{1} fpu_{1}.n$ \\ $\enspace f_{dst}.a \longleftarrow_{1} fpu_{0}.a$ \\ $\enspace f_{dst}.i \longleftarrow_{1} fpu_{0}.i$ \\ $\enspace f_{dst}.z \longleftarrow_{1} fpu_{0}.z$ \\ $\enspace f_{dst}.n \longleftarrow_{1} fpu_{0}.n$ \\ else \\ $\enspace cr[5] \longleftarrow_{1} 1$ \\ endif \\"|"if $(dst \enspace \% \enspace 2 == 0 \enspace \& \enspace src \enspace \% \enspace 2 == 0)$ then \\ $\enspace f_{dst}.a$, $f_{dst}.i$, $f_{dst}.z$, $f_{dst}.n$, $f_{dst+1}.a$, $f_{dst+1}.i$, $f_{dst+1}.z$, $f_{dst+1}.n$ \\ else \\ $\enspace cr[5] \longleftarrow_{1} 1$ \\"|"$f_{dst}.n$ and $f_{dst+1}.n$ are implicit."|"None."|"dst range: 0:31 and even; src1 range: 0:31 and even; src2 range: 0:31 and even"
